	Repetition 1		Repetition 2		Repetition 3		Repetition 4		Repetition 5		Repetition 6		Repetition 7		Repetition 8		Repetition 9		Repetition 10		Repetition 11		Repetition 12		Repetition 13		Repetition 14		Repetition 15		Repetition 16		Repetition 17		Repetition 18		Repetition 19		Repetition 20		Repetition average
Lag Time (s)	Correlation  	Lag Time (s)	Correlation  	Lag Time (s)	Correlation  	Lag Time (s)	Correlation  	Lag Time (s)	Correlation  	Lag Time (s)	Correlation  	Lag Time (s)	Correlation  	Lag Time (s)	Correlation  	Lag Time (s)	Correlation  	Lag Time (s)	Correlation  	Lag Time (s)	Correlation  	Lag Time (s)	Correlation  	Lag Time (s)	Correlation  	Lag Time (s)	Correlation  	Lag Time (s)	Correlation  	Lag Time (s)	Correlation  	Lag Time (s)	Correlation  	Lag Time (s)	Correlation  	Lag Time (s)	Correlation  	Lag Time (s)	Correlation  	Lag Time (s)	Correlation  
2.0e-07	1.93802501	2.0e-07	1.99590848	2.0e-07	1.98297406	2.0e-07	1.96308464	2.0e-07	1.94998066	2.0e-07	1.97020154	2.0e-07	1.97366400	2.0e-07	1.95650200	2.0e-07	1.87268783	2.0e-07	1.89177913	2.0e-07	1.91927283	2.0e-07	1.91272766	2.0e-07	1.85571673	2.0e-07	1.82391465	2.0e-07	1.77627222	2.0e-07	1.78182692	2.0e-07	1.86233016	2.0e-07	1.78586386	2.0e-07	1.79755055	2.0e-07	1.73119902	2.0e-07	1.88707410
4.0e-07	1.91325994	4.0e-07	1.92790791	4.0e-07	1.93133411	4.0e-07	1.95455479	4.0e-07	1.93434839	4.0e-07	1.95232207	4.0e-07	1.89322030	4.0e-07	1.89192375	4.0e-07	1.86573809	4.0e-07	1.88919261	4.0e-07	1.79332981	4.0e-07	1.77989259	4.0e-07	1.77552561	4.0e-07	1.78500941	4.0e-07	1.80667406	4.0e-07	1.78226332	4.0e-07	1.76837476	4.0e-07	1.76965084	4.0e-07	1.78736267	4.0e-07	1.71626812	4.0e-07	1.84590766
6.00e-07	1.92151497	6.00e-07	1.96221451	6.00e-07	1.90764049	6.00e-07	1.98075362	6.00e-07	1.87066137	6.00e-07	1.95924315	6.00e-07	1.90215849	6.00e-07	1.82898733	6.00e-07	1.84702725	6.00e-07	1.84573911	6.00e-07	1.81111000	6.00e-07	1.81151999	6.00e-07	1.77222362	6.00e-07	1.71275682	6.00e-07	1.75973004	6.00e-07	1.79404616	6.00e-07	1.79312194	6.00e-07	1.76721889	6.00e-07	1.75639150	6.00e-07	1.75477413	6.00e-07	1.83794167
8.00e-07	1.94056501	8.00e-07	1.86419567	8.00e-07	1.92951153	8.00e-07	1.94115074	8.00e-07	1.91118947	8.00e-07	1.89291611	8.00e-07	1.93064897	8.00e-07	1.90013285	8.00e-07	1.79998285	8.00e-07	1.83073731	8.00e-07	1.80419548	8.00e-07	1.79935561	8.00e-07	1.73873204	8.00e-07	1.77759889	8.00e-07	1.77984890	8.00e-07	1.73600477	8.00e-07	1.72097762	8.00e-07	1.78018930	8.00e-07	1.71727001	8.00e-07	1.74848744	8.00e-07	1.82718453
1.00e-06	1.87833485	1.00e-06	1.87277232	1.00e-06	1.85660807	1.00e-06	1.88875307	1.00e-06	1.84923937	1.00e-06	1.92175396	1.00e-06	1.89489621	1.00e-06	1.77480727	1.00e-06	1.81976288	1.00e-06	1.87574272	1.00e-06	1.80913442	1.00e-06	1.77016109	1.00e-06	1.76750650	1.00e-06	1.74980943	1.00e-06	1.76822467	1.00e-06	1.73469557	1.00e-06	1.73649704	1.00e-06	1.74735794	1.00e-06	1.73275560	1.00e-06	1.74062907	1.00e-06	1.80947210
1.20e-06	1.81419969	1.20e-06	1.90217797	1.20e-06	1.91068480	1.20e-06	1.91860755	1.20e-06	1.89034645	1.20e-06	1.83985448	1.20e-06	1.86361254	1.20e-06	1.85033098	1.20e-06	1.84809644	1.20e-06	1.78883572	1.20e-06	1.72566630	1.20e-06	1.80519451	1.20e-06	1.73401492	1.20e-06	1.71090419	1.20e-06	1.79147314	1.20e-06	1.76873488	1.20e-06	1.74236925	1.20e-06	1.70642007	1.20e-06	1.68711387	1.20e-06	1.69622927	1.20e-06	1.79974335
1.40e-06	1.81038968	1.40e-06	1.78700584	1.40e-06	1.84932417	1.40e-06	1.86499134	1.40e-06	1.83534403	1.40e-06	1.81966799	1.40e-06	1.81221795	1.40e-06	1.86237100	1.40e-06	1.81602071	1.40e-06	1.82452967	1.40e-06	1.84913985	1.40e-06	1.77745972	1.40e-06	1.72741094	1.40e-06	1.76555679	1.40e-06	1.75973004	1.40e-06	1.76829848	1.40e-06	1.71929984	1.40e-06	1.67845262	1.40e-06	1.74620361	1.40e-06	1.71469644	1.40e-06	1.78940554
1.60e-06	1.93485000	1.60e-06	1.86113258	1.60e-06	1.81226478	1.60e-06	1.84915018	1.60e-06	1.83881786	1.60e-06	1.84504529	1.60e-06	1.83009433	1.60e-06	1.78411092	1.60e-06	1.80960557	1.60e-06	1.81728742	1.60e-06	1.73258082	1.60e-06	1.79546300	1.60e-06	1.74958143	1.60e-06	1.78315678	1.60e-06	1.74676455	1.60e-06	1.76786208	1.60e-06	1.73985259	1.60e-06	1.69952954	1.60e-06	1.69811679	1.60e-06	1.70290889	1.60e-06	1.78990877
1.80e-06	1.84213976	1.80e-06	1.82253767	1.80e-06	1.81287231	1.80e-06	1.86742844	1.80e-06	1.86197678	1.80e-06	1.80236528	1.80e-06	1.84014980	1.80e-06	1.81366367	1.80e-06	1.75668062	1.80e-06	1.81263168	1.80e-06	1.81012221	1.80e-06	1.78281205	1.80e-06	1.75382684	1.80e-06	1.76277784	1.80e-06	1.73201071	1.80e-06	1.76087965	1.80e-06	1.69077767	1.80e-06	1.70804137	1.80e-06	1.72419778	1.80e-06	1.65536575	1.80e-06	1.78066289
2.00e-06	1.80340466	2.00e-06	1.87461017	2.00e-06	1.81651750	2.00e-06	1.83818323	2.00e-06	1.82202765	2.00e-06	1.83812421	2.00e-06	1.83009433	2.00e-06	1.79615093	2.00e-06	1.75721522	2.00e-06	1.77952426	2.00e-06	1.79579928	2.00e-06	1.74339944	2.00e-06	1.74910972	2.00e-06	1.73452523	2.00e-06	1.67254829	2.00e-06	1.73775038	2.00e-06	1.69287489	2.00e-06	1.66750883	2.00e-06	1.64921494	2.00e-06	1.64790030	2.00e-06	1.76232417
2.20e-06	1.85356979	2.20e-06	1.88012373	2.20e-06	1.87605553	2.20e-06	1.85463366	2.20e-06	1.85908191	2.20e-06	1.75276419	2.20e-06	1.77199610	2.20e-06	1.79834002	2.20e-06	1.73476221	2.20e-06	1.76090133	2.20e-06	1.75134880	2.20e-06	1.78281205	2.20e-06	1.75241170	2.20e-06	1.67755685	2.20e-06	1.72530443	2.20e-06	1.75215162	2.20e-06	1.71258874	2.20e-06	1.64318930	2.20e-06	1.70178443	2.20e-06	1.69112133	2.20e-06	1.76662489
2.40e-06	1.83324974	2.40e-06	1.82192505	2.40e-06	1.82684553	2.40e-06	1.83330903	2.40e-06	1.86892445	2.40e-06	1.84908259	2.40e-06	1.82227342	2.40e-06	1.83172369	2.40e-06	1.77485686	2.40e-06	1.79556067	2.40e-06	1.72270294	2.40e-06	1.73853369	2.40e-06	1.70335361	2.40e-06	1.71924103	2.40e-06	1.70160887	2.40e-06	1.71287550	2.40e-06	1.73523871	2.40e-06	1.67399404	2.40e-06	1.62639407	2.40e-06	1.66990373	2.40e-06	1.76307986
2.60e-06	1.85991981	2.60e-06	1.85378117	2.60e-06	1.79160873	2.60e-06	1.81990497	2.60e-06	1.78149955	2.60e-06	1.84504529	2.60e-06	1.77981702	2.60e-06	1.83336551	2.60e-06	1.74866169	2.60e-06	1.71589592	2.60e-06	1.77357404	2.60e-06	1.73415451	2.60e-06	1.71090101	2.60e-06	1.74147259	2.60e-06	1.73826992	2.60e-06	1.68887342	2.60e-06	1.73649704	2.60e-06	1.67237274	2.60e-06	1.61498364	2.60e-06	1.70369473	2.60e-06	1.75721466
2.80e-06	1.82435971	2.80e-06	1.82560076	2.80e-06	1.85722207	2.80e-06	1.79309687	2.80e-06	1.75718269	2.80e-06	1.80928636	2.80e-06	1.77311337	2.80e-06	1.82844005	2.80e-06	1.73048544	2.80e-06	1.78470303	2.80e-06	1.75283048	2.80e-06	1.74583232	2.80e-06	1.73873204	2.80e-06	1.70812525	2.80e-06	1.69534967	2.80e-06	1.72247633	2.80e-06	1.70210265	2.80e-06	1.66507688	2.80e-06	1.65084500	2.80e-06	1.66008077	2.80e-06	1.75124709
3.00e-06	1.82054970	3.00e-06	1.87277232	3.00e-06	1.82866812	3.00e-06	1.81685860	3.00e-06	1.83071224	3.00e-06	1.79659771	3.00e-06	1.81333523	3.00e-06	1.81530549	3.00e-06	1.71391298	3.00e-06	1.72003988	3.00e-06	1.76764731	3.00e-06	1.74534574	3.00e-06	1.69108909	3.00e-06	1.65671475	3.00e-06	1.69713802	3.00e-06	1.68145460	3.00e-06	1.65512495	3.00e-06	1.66750883	3.00e-06	1.68140866	3.00e-06	1.64790030	3.00e-06	1.74600423
3.20e-06	1.83197973	3.20e-06	1.79190051	3.20e-06	1.82806059	3.20e-06	1.79187832	3.20e-06	1.80465846	3.20e-06	1.81620745	3.20e-06	1.77590656	3.20e-06	1.72828904	3.20e-06	1.78180661	3.20e-06	1.74642244	3.20e-06	1.73554419	3.20e-06	1.70204054	3.20e-06	1.63212503	3.20e-06	1.72757787	3.20e-06	1.65064108	3.20e-06	1.68058179	3.20e-06	1.62786111	3.20e-06	1.67926327	3.20e-06	1.64676985	3.20e-06	1.71076726	3.20e-06	1.73451408
3.60e-06	1.77768652	3.60e-06	1.77352769	3.60e-06	1.78340649	3.60e-06	1.81716265	3.60e-06	1.76412980	3.60e-06	1.77352687	3.60e-06	1.75300189	3.60e-06	1.75811487	3.60e-06	1.72514458	3.60e-06	1.72805756	3.60e-06	1.76962788	3.60e-06	1.70447287	3.60e-06	1.65500255	3.60e-06	1.67315631	3.60e-06	1.65533496	3.60e-06	1.68123586	3.60e-06	1.64421889	3.60e-06	1.63873020	3.60e-06	1.66490375	3.60e-06	1.62000256	3.60e-06	1.71802224
4.00e-06	1.79133906	4.00e-06	1.77046460	4.00e-06	1.78644415	4.00e-06	1.78791746	4.00e-06	1.78294641	4.00e-06	1.74324714	4.00e-06	1.75411916	4.00e-06	1.74333850	4.00e-06	1.76791234	4.00e-06	1.73426522	4.00e-06	1.72888150	4.00e-06	1.71201479	4.00e-06	1.71986299	4.00e-06	1.68126157	4.00e-06	1.66382958	4.00e-06	1.70174672	4.00e-06	1.65764109	4.00e-06	1.64399943	4.00e-06	1.66306993	4.00e-06	1.62255653	4.00e-06	1.72284291
4.40e-06	1.76466900	4.40e-06	1.76770782	4.40e-06	1.76669940	4.40e-06	1.77938761	4.40e-06	1.74705010	4.40e-06	1.74670768	4.40e-06	1.72842187	4.40e-06	1.71077575	4.40e-06	1.71739292	4.40e-06	1.74254210	4.40e-06	1.69159238	4.40e-06	1.66019453	4.40e-06	1.65571012	4.40e-06	1.67524052	4.40e-06	1.70473793	4.40e-06	1.65286978	4.40e-06	1.62031061	4.40e-06	1.63325831	4.40e-06	1.64595429	4.40e-06	1.62668217	4.40e-06	1.70189524
4.80e-06	1.77133651	4.80e-06	1.79619453	4.80e-06	1.77490106	4.80e-06	1.80193078	4.80e-06	1.75110291	4.80e-06	1.72796309	4.80e-06	1.73875665	4.80e-06	1.72226848	4.80e-06	1.74171709	4.80e-06	1.68175875	4.80e-06	1.67801025	4.80e-06	1.73026136	4.80e-06	1.68000331	4.80e-06	1.66157738	4.80e-06	1.69244307	4.80e-06	1.62559470	4.80e-06	1.63792724	4.80e-06	1.63102902	4.80e-06	1.64534301	4.80e-06	1.60369645	4.80e-06	1.70469078
5.200e-06	1.81261160	5.200e-06	1.78853681	5.200e-06	1.75576384	5.200e-06	1.75288414	5.200e-06	1.75457675	5.200e-06	1.76314525	5.200e-06	1.72870119	5.200e-06	1.72445758	5.200e-06	1.74278628	5.200e-06	1.70607209	5.200e-06	1.74419226	5.200e-06	1.67795452	5.200e-06	1.64132290	5.200e-06	1.67107210	5.200e-06	1.67835987	5.200e-06	1.65876119	5.200e-06	1.63897585	5.200e-06	1.61846394	5.200e-06	1.64187913	5.200e-06	1.63630868	5.200e-06	1.70684130
5.600e-06	1.75292147	5.600e-06	1.72666245	5.600e-06	1.77641989	5.600e-06	1.73460589	5.600e-06	1.77484079	5.600e-06	1.75247525	5.600e-06	1.70942822	5.600e-06	1.71652212	5.600e-06	1.68104032	5.600e-06	1.71615954	5.600e-06	1.66097607	5.600e-06	1.68938904	5.600e-06	1.67387105	5.600e-06	1.63263003	5.600e-06	1.65488787	5.600e-06	1.66596181	5.600e-06	1.65176887	5.600e-06	1.61137074	5.600e-06	1.62863489	5.600e-06	1.60546458	5.600e-06	1.69080155
6.000e-06	1.75958898	6.000e-06	1.74320312	6.000e-06	1.72903249	6.000e-06	1.78273862	6.000e-06	1.72649657	6.000e-06	1.72680958	6.000e-06	1.74769484	6.000e-06	1.73704486	6.000e-06	1.67756544	6.000e-06	1.68951833	6.000e-06	1.68443619	6.000e-06	1.64754357	6.000e-06	1.64297389	6.000e-06	1.66157738	6.000e-06	1.65578204	6.000e-06	1.62799491	6.000e-06	1.64358972	6.000e-06	1.61380269	6.000e-06	1.61885452	6.000e-06	1.58581866	6.000e-06	1.68510332
6.400e-06	1.73641143	6.400e-06	1.72083656	6.400e-06	1.70473126	6.400e-06	1.74435429	6.400e-06	1.73402322	6.400e-06	1.72075363	6.400e-06	1.73009778	6.400e-06	1.71269120	6.400e-06	1.66180026	6.400e-06	1.70348557	6.400e-06	1.66393946	6.400e-06	1.63586577	6.400e-06	1.64580417	6.400e-06	1.65138791	6.400e-06	1.65242890	6.400e-06	1.63715933	6.400e-06	1.60227453	6.400e-06	1.57327016	6.400e-06	1.62598604	6.400e-06	1.57245944	6.400e-06	1.67148805
7.200e-06	1.73656907	7.200e-06	1.71012068	7.200e-06	1.75135813	7.200e-06	1.75273070	7.200e-06	1.74675950	7.200e-06	1.69523106	7.200e-06	1.69029384	7.200e-06	1.67725975	7.200e-06	1.64776599	7.200e-06	1.66934773	7.200e-06	1.64739803	7.200e-06	1.65034032	7.200e-06	1.62740634	7.200e-06	1.63159185	7.200e-06	1.63465619	7.200e-06	1.62526636	7.200e-06	1.58790757	7.200e-06	1.59981795	7.200e-06	1.57882415	7.200e-06	1.58729109	7.200e-06	1.66239681
8.000e-06	1.74990409	8.000e-06	1.73738214	8.000e-06	1.70290758	8.000e-06	1.72257161	8.000e-06	1.70232337	8.000e-06	1.70402659	8.000e-06	1.68875759	8.000e-06	1.67096609	8.000e-06	1.62932235	8.000e-06	1.69262652	8.000e-06	1.66554879	8.000e-06	1.65398964	8.000e-06	1.64379834	8.000e-06	1.60252865	8.000e-06	1.61330786	8.000e-06	1.61512003	8.000e-06	1.58811729	8.000e-06	1.60701247	8.000e-06	1.60184888	8.000e-06	1.58267430	8.000e-06	1.65873671
8.800e-06	1.67830773	8.800e-06	1.71777839	8.800e-06	1.69971805	8.800e-06	1.74709491	8.800e-06	1.70145491	8.800e-06	1.66797932	8.800e-06	1.65775327	8.800e-06	1.66357238	8.800e-06	1.63092614	8.800e-06	1.63947329	8.800e-06	1.65431260	8.800e-06	1.62187569	8.800e-06	1.61207570	8.800e-06	1.58677643	8.800e-06	1.63074420	8.800e-06	1.61882944	8.800e-06	1.59178742	8.800e-06	1.59059680	8.800e-06	1.55692009	8.800e-06	1.56833279	8.800e-06	1.64181548
9.600e-06	1.67878398	9.600e-06	1.71073330	9.600e-06	1.67268295	9.600e-06	1.69195556	9.600e-06	1.69146764	9.600e-06	1.66624905	9.600e-06	1.68708168	9.600e-06	1.65714192	9.600e-06	1.62999060	9.600e-06	1.60701231	9.600e-06	1.62851153	9.600e-06	1.62394364	9.600e-06	1.61125021	9.600e-06	1.61861849	9.600e-06	1.60034239	9.600e-06	1.57344374	9.600e-06	1.59902282	9.600e-06	1.56911458	9.600e-06	1.55946707	9.600e-06	1.55016032	9.600e-06	1.63134869
0.00001040	1.70132651	0.00001040	1.67198526	0.00001040	1.67936578	0.00001040	1.68936614	0.00001040	1.67655910	0.00001040	1.67547716	0.00001040	1.63666475	0.00001040	1.61253919	0.00001040	1.58147579	0.00001040	1.61076278	0.00001040	1.59702541	0.00001040	1.62722802	0.00001040	1.59297137	0.00001040	1.57519750	0.00001040	1.57955291	0.00001040	1.57071623	0.00001040	1.59503811	0.00001040	1.56374402	0.00001040	1.55610505	0.00001040	1.56224256	0.00001040	1.61776718
0.00001120	1.67624397	0.00001120	1.68178714	0.00001120	1.69455404	0.00001120	1.70170396	0.00001120	1.68234883	0.00001120	1.64764866	0.00001120	1.63764236	0.00001120	1.61554919	0.00001120	1.63252994	0.00001120	1.60804693	0.00001120	1.58220841	0.00001120	1.60435900	0.00001120	1.59780642	0.00001120	1.60796587	0.00001120	1.57038766	0.00001120	1.56733413	0.00001120	1.55938543	0.00001120	1.56273071	0.00001120	1.53012582	0.00001120	1.55016032	0.00001120	1.61552594
0.00001200	1.67084646	0.00001200	1.65621037	0.00001200	1.65369762	0.00001200	1.68251181	0.00001200	1.63501784	0.00001200	1.64462069	0.00001200	1.65859123	0.00001200	1.61595965	0.00001200	1.62491191	0.00001200	1.61930355	0.00001200	1.57850416	0.00001200	1.57188013	0.00001200	1.54591810	0.00001200	1.55620806	0.00001200	1.58044708	0.00001200	1.56700683	0.00001200	1.53337994	0.00001200	1.54682170	0.00001200	1.52900515	0.00001200	1.52943389	0.00001200	1.60001381
0.00001280	1.64385892	0.00001280	1.63706036	0.00001280	1.64534408	0.00001280	1.67611442	0.00001280	1.63168875	0.00001280	1.62356909	0.00001280	1.62828521	0.00001280	1.62321101	0.00001280	1.59310330	0.00001280	1.61141460	0.00001280	1.58739436	0.00001280	1.58793710	0.00001280	1.57080091	0.00001280	1.55481859	0.00001280	1.55362196	0.00001280	1.54191377	0.00001280	1.53715493	0.00001280	1.51399037	0.00001280	1.53358972	0.00001280	1.52540648	0.00001280	1.59101390
0.00001440	1.61583743	0.00001440	1.63576218	0.00001440	1.62172426	0.00001440	1.65776948	0.00001440	1.66173212	0.00001440	1.61361797	0.00001440	1.60999319	0.00001440	1.59900273	0.00001440	1.57833300	0.00001440	1.59027271	0.00001440	1.56985890	0.00001440	1.55163414	0.00001440	1.55529138	0.00001440	1.55783186	0.00001440	1.53674251	0.00001440	1.53367474	0.00001440	1.53658068	0.00001440	1.53457613	0.00001440	1.52044534	0.00001440	1.51356788	0.00001440	1.57971243
0.00001600	1.62401306	0.00001600	1.64005050	0.00001600	1.60448561	0.00001600	1.64429494	0.00001600	1.61056516	0.00001600	1.59891071	0.00001600	1.59532895	0.00001600	1.58792039	0.00001600	1.55481070	0.00001600	1.57300752	0.00001600	1.55380718	0.00001600	1.55230803	0.00001600	1.54485477	0.00001600	1.54683185	0.00001600	1.53964856	0.00001600	1.52036452	0.00001600	1.53684283	0.00001600	1.50083248	0.00001600	1.49604527	0.00001600	1.49647597	0.00001600	1.56606995
0.00001760	1.58964367	0.00001760	1.62465851	0.00001760	1.58944925	0.00001760	1.61702965	0.00001760	1.59899109	0.00001760	1.59775719	0.00001760	1.56188576	0.00001760	1.55802546	0.00001760	1.56289649	0.00001760	1.56356663	0.00001760	1.54670738	0.00001760	1.54123836	0.00001760	1.53907631	0.00001760	1.52494764	0.00001760	1.53836320	0.00001760	1.52074638	0.00001760	1.49814912	0.00001760	1.49495520	0.00001760	1.47984647	0.00001760	1.48341145	0.00001760	1.55156726
0.00001920	1.56924429	0.00001920	1.58897361	0.00001920	1.56355330	0.00001920	1.59501940	0.00001920	1.55925876	0.00001920	1.57901264	0.00001920	1.58367269	0.00001920	1.55241588	0.00001920	1.54345050	0.00001920	1.56272098	0.00001920	1.53645897	0.00001920	1.51356419	0.00001920	1.50599754	0.00001920	1.49634763	0.00001920	1.50885559	0.00001920	1.50519961	0.00001920	1.49405521	0.00001920	1.49663145	0.00001920	1.46537962	0.00001920	1.47525841	0.00001920	1.53475351
0.00002080	1.57607054	0.00002080	1.58269429	0.00002080	1.54813724	0.00002080	1.58313291	0.00002080	1.56526565	0.00002080	1.54945391	0.00002080	1.54917671	0.00002080	1.54947428	0.00002080	1.53636708	0.00002080	1.54267532	0.00002080	1.51411002	0.00002080	1.50268168	0.00002080	1.49520715	0.00002080	1.50005290	0.00002080	1.50321115	0.00002080	1.49685345	0.00002080	1.47386953	0.00002080	1.47297868	0.00002080	1.46700969	0.00002080	1.46872616	0.00002080	1.52385742
0.00002240	1.55209928	0.00002240	1.56485184	0.00002240	1.54965606	0.00002240	1.57079503	0.00002240	1.55426508	0.00002240	1.55125627	0.00002240	1.52124474	0.00002240	1.51766388	0.00002240	1.51297843	0.00002240	1.54306330	0.00002240	1.49750266	0.00002240	1.49951891	0.00002240	1.48329643	0.00002240	1.48349049	0.00002240	1.47593897	0.00002240	1.48627074	0.00002240	1.46673900	0.00002240	1.47257335	0.00002240	1.45310318	0.00002240	1.44583871	0.00002240	1.51010732
0.00002400	1.56837116	0.00002400	1.55351844	0.00002400	1.54122659	0.00002400	1.56355985	0.00002400	1.56063914	0.00002400	1.53164658	0.00002400	1.52271117	0.00002400	1.52799371	0.00002400	1.49854429	0.00002400	1.52553951	0.00002400	1.50046605	0.00002400	1.47500742	0.00002400	1.46979370	0.00002400	1.45431162	0.00002400	1.46537659	0.00002400	1.46226872	0.00002400	1.44823109	0.00002400	1.44511618	0.00002400	1.43053693	0.00002400	1.43351091	0.00002400	1.49891848
0.00002560	1.54797178	0.00002560	1.54999047	0.00002560	1.52732935	0.00002560	1.54977494	0.00002560	1.53776945	0.00002560	1.51564162	0.00002560	1.53150974	0.00002560	1.50281902	0.00002560	1.48718409	0.00002560	1.50206669	0.00002560	1.49787308	0.00002560	1.48139379	0.00002560	1.47869725	0.00002560	1.46398002	0.00002560	1.45732906	0.00002560	1.45266791	0.00002560	1.44498041	0.00002560	1.43498283	0.00002560	1.42162250	0.00002560	1.44195864	0.00002560	1.49137713
0.00002880	1.50864297	0.00002880	1.51163751	0.00002880	1.51899311	0.00002880	1.53127489	0.00002880	1.52068567	0.00002880	1.49447807	0.00002880	1.48807172	0.00002880	1.48502404	0.00002880	1.46377742	0.00002880	1.46964840	0.00002880	1.47118176	0.00002880	1.44925441	0.00002880	1.44658769	0.00002880	1.45672382	0.00002880	1.44318631	0.00002880	1.44116267	0.00002880	1.43387396	0.00002880	1.43288874	0.00002880	1.42332940	0.00002880	1.40913766	0.00002880	1.46997801
0.00003200	1.50665859	0.00003200	1.50244823	0.00003200	1.49545107	0.00003200	1.50812222	0.00003200	1.49437835	0.00003200	1.49008032	0.00003200	1.47305833	0.00003200	1.46269280	0.00003200	1.44840758	0.00003200	1.46198573	0.00003200	1.44735095	0.00003200	1.44709971	0.00003200	1.43464753	0.00003200	1.42039041	0.00003200	1.42600152	0.00003200	1.42452485	0.00003200	1.41656774	0.00003200	1.41112725	0.00003200	1.39752848	0.00003200	1.40034605	0.00003200	1.45344339
0.00003520	1.49014857	0.00003520	1.46703119	0.00003520	1.46549193	0.00003520	1.48946299	0.00003520	1.47530827	0.00003520	1.47710335	0.00003520	1.46579604	0.00003520	1.45968272	0.00003520	1.42795900	0.00003520	1.43905775	0.00003520	1.44212957	0.00003520	1.41699235	0.00003520	1.42630415	0.00003520	1.41700357	0.00003520	1.41038154	0.00003520	1.40286841	0.00003520	1.40610785	0.00003520	1.39177245	0.00003520	1.39556731	0.00003520	1.39214382	0.00003520	1.43791564
0.00003840	1.46256572	0.00003840	1.47246818	0.00003840	1.45270076	0.00003840	1.46063640	0.00003840	1.45196822	0.00003840	1.45684486	0.00003840	1.46052389	0.00003840	1.43002661	0.00003840	1.42949598	0.00003840	1.43938107	0.00003840	1.42975118	0.00003840	1.41650577	0.00003840	1.39717605	0.00003840	1.40305093	0.00003840	1.38526102	0.00003840	1.40186337	0.00003840	1.38474241	0.00003840	1.38108564	0.00003840	1.37552649	0.00003840	1.36979644	0.00003840	1.42306855
0.00004160	1.43823213	0.00004160	1.44738909	0.00004160	1.44377753	0.00004160	1.44727030	0.00004160	1.44606988	0.00004160	1.43276538	0.00004160	1.42801815	0.00004160	1.42174419	0.00004160	1.41098995	0.00004160	1.41710444	0.00004160	1.40879125	0.00004160	1.39652979	0.00004160	1.38721117	0.00004160	1.37662615	0.00004160	1.38394771	0.00004160	1.37747934	0.00004160	1.36568392	0.00004160	1.36312413	0.00004160	1.35670425	0.00004160	1.35717765	0.00004160	1.40533182
0.00004480	1.43854962	0.00004480	1.42629202	0.00004480	1.41731657	0.00004480	1.43679829	0.00004480	1.43199348	0.00004480	1.42032912	0.00004480	1.41097969	0.00004480	1.39404249	0.00004480	1.40617851	0.00004480	1.40381605	0.00004480	1.39026995	0.00004480	1.39540456	0.00004480	1.36793002	0.00004480	1.37222614	0.00004480	1.37978424	0.00004480	1.36548229	0.00004480	1.37123758	0.00004480	1.35719993	0.00004480	1.33966490	0.00004480	1.35474645	0.00004480	1.39401210
0.00004800	1.42652434	0.00004800	1.42426272	0.00004800	1.41170174	0.00004800	1.42842068	0.00004800	1.42352592	0.00004800	1.40879404	0.00004800	1.41405220	0.00004800	1.39071996	0.00004800	1.38920480	0.00004800	1.38807045	0.00004800	1.38462096	0.00004800	1.37496798	0.00004800	1.35596037	0.00004800	1.36090353	0.00004800	1.35952576	0.00004800	1.35449035	0.00004800	1.33028947	0.00004800	1.33751568	0.00004800	1.34338350	0.00004800	1.33728597	0.00004800	1.38221102
0.00005120	1.41509436	0.00005120	1.40698959	0.00005120	1.40202392	0.00005120	1.42499347	0.00005120	1.41259771	0.00005120	1.39610544	0.00005120	1.39827068	0.00005120	1.39119884	0.00005120	1.37414011	0.00005120	1.37591367	0.00005120	1.37347732	0.00005120	1.37013254	0.00005120	1.35849581	0.00005120	1.34747194	0.00005120	1.35603292	0.00005120	1.34887165	0.00005120	1.33939002	0.00005120	1.33764616	0.00005120	1.32950242	0.00005120	1.33200981	0.00005120	1.37451792
0.00005760	1.37903620	0.00005760	1.38224853	0.00005760	1.36767649	0.00005760	1.39335641	0.00005760	1.39552496	0.00005760	1.36955437	0.00005760	1.37696556	0.00005760	1.37253841	0.00005760	1.34778803	0.00005760	1.35079796	0.00005760	1.34545845	0.00005760	1.34437964	0.00005760	1.33581087	0.00005760	1.33053901	0.00005760	1.33232466	0.00005760	1.32775191	0.00005760	1.30997186	0.00005760	1.31998931	0.00005760	1.31389390	0.00005760	1.31452905	0.00005760	1.35050678
0.00006400	1.36105783	0.00006400	1.36952205	0.00006400	1.35269652	0.00006400	1.36622423	0.00006400	1.36013476	0.00006400	1.35275644	0.00006400	1.34531539	0.00006400	1.34654207	0.00006400	1.32441550	0.00006400	1.33514928	0.00006400	1.33227737	0.00006400	1.32333474	0.00006400	1.31423414	0.00006400	1.31302582	0.00006400	1.31259707	0.00006400	1.31277773	0.00006400	1.30542726	0.00006400	1.29274287	0.00006400	1.30139717	0.00006400	1.29882799	0.00006400	1.33102281
0.00007040	1.34500430	0.00007040	1.35759977	0.00007040	1.33862789	0.00007040	1.35837970	0.00007040	1.34310910	0.00007040	1.33803121	0.00007040	1.33944972	0.00007040	1.32567220	0.00007040	1.31489274	0.00007040	1.32329960	0.00007040	1.30836518	0.00007040	1.30925821	0.00007040	1.29528798	0.00007040	1.31004424	0.00007040	1.30106679	0.00007040	1.29829450	0.00007040	1.29154615	0.00007040	1.27883465	0.00007040	1.27685692	0.00007040	1.28722801	0.00007040	1.31704244
0.00007680	1.32768077	0.00007680	1.33605744	0.00007680	1.32369051	0.00007680	1.34036774	0.00007680	1.33883911	0.00007680	1.31546574	0.00007680	1.32103223	0.00007680	1.31532501	0.00007680	1.30711174	0.00007680	1.31513155	0.00007680	1.29871455	0.00007680	1.29989138	0.00007680	1.27894025	0.00007680	1.28316656	0.00007680	1.28688973	0.00007680	1.28775257	0.00007680	1.27430577	0.00007680	1.27350189	0.00007680	1.26730571	0.00007680	1.26505221	0.00007680	1.30281112
0.00008320	1.32904999	0.00008320	1.31656832	0.00008320	1.30172361	0.00008320	1.32833438	0.00008320	1.31940707	0.00008320	1.30589968	0.00008320	1.31115137	0.00008320	1.30908681	0.00008320	1.28636208	0.00008320	1.29860996	0.00008320	1.28083745	0.00008320	1.28412286	0.00008320	1.27210045	0.00008320	1.27000610	0.00008320	1.26994245	0.00008320	1.27406032	0.00008320	1.25858597	0.00008320	1.24574878	0.00008320	1.25949918	0.00008320	1.24692846	0.00008320	1.28840127
0.00008960	1.30410649	0.00008960	1.30789586	0.00008960	1.29299452	0.00008960	1.30963698	0.00008960	1.30422691	0.00008960	1.29261629	0.00008960	1.29236726	0.00008960	1.28351805	0.00008960	1.27939541	0.00008960	1.28214891	0.00008960	1.27820959	0.00008960	1.27972835	0.00008960	1.26414033	0.00008960	1.25518507	0.00008960	1.26955125	0.00008960	1.25949527	0.00008960	1.25038057	0.00008960	1.24801615	0.00008960	1.24849619	0.00008960	1.23619665	0.00008960	1.27691530
0.00009600	1.29173927	0.00009600	1.30159731	0.00009600	1.29396282	0.00009600	1.29855562	0.00009600	1.28698851	0.00009600	1.28430741	0.00009600	1.28280064	0.00009600	1.26815968	0.00009600	1.26778843	0.00009600	1.27113585	0.00009600	1.27110980	0.00009600	1.25865691	0.00009600	1.24709979	0.00009600	1.24340350	0.00009600	1.25152817	0.00009600	1.25044354	0.00009600	1.23702026	0.00009600	1.23889953	0.00009600	1.23781157	0.00009600	1.23074479	0.00009600	1.26568767
0.00010240	1.27046693	0.00010240	1.28874683	0.00010240	1.27158258	0.00010240	1.28208144	0.00010240	1.28243775	0.00010240	1.27279033	0.00010240	1.28302759	0.00010240	1.26264838	0.00010240	1.26571680	0.00010240	1.25988443	0.00010240	1.24641487	0.00010240	1.24100668	0.00010240	1.24441693	0.00010240	1.23603265	0.00010240	1.24158055	0.00010240	1.23810139	0.00010240	1.23932721	0.00010240	1.23407695	0.00010240	1.23511176	0.00010240	1.23262693	0.00010240	1.25640395
0.00011520	1.26229551	0.00011520	1.26997980	0.00011520	1.26075122	0.00011520	1.26263231	0.00011520	1.25800169	0.00011520	1.25981847	0.00011520	1.25905776	0.00011520	1.25015714	0.00011520	1.24027601	0.00011520	1.24883419	0.00011520	1.23575283	0.00011520	1.23652390	0.00011520	1.22331053	0.00011520	1.22094978	0.00011520	1.22936801	0.00011520	1.22269670	0.00011520	1.20959111	0.00011520	1.21705744	0.00011520	1.21638703	0.00011520	1.21120791	0.00011520	1.23973247
0.00012800	1.24625726	0.00012800	1.25312293	0.00012800	1.24419524	0.00012800	1.25481637	0.00012800	1.24178984	0.00012800	1.23836159	0.00012800	1.24122485	0.00012800	1.23204462	0.00012800	1.23460406	0.00012800	1.22880022	0.00012800	1.21938044	0.00012800	1.21585865	0.00012800	1.21092065	0.00012800	1.20353080	0.00012800	1.21185490	0.00012800	1.20555715	0.00012800	1.19532338	0.00012800	1.20123637	0.00012800	1.19811862	0.00012800	1.19969599	0.00012800	1.22383470
0.00014080	1.22762952	0.00014080	1.23125016	0.00014080	1.22991240	0.00014080	1.23346294	0.00014080	1.22867617	0.00014080	1.22599753	0.00014080	1.22580981	0.00014080	1.21603632	0.00014080	1.21026672	0.00014080	1.21499456	0.00014080	1.20685138	0.00014080	1.20633956	0.00014080	1.19568944	0.00014080	1.19494071	0.00014080	1.19591341	0.00014080	1.19698578	0.00014080	1.18103286	0.00014080	1.19385151	0.00014080	1.18475618	0.00014080	1.18437746	0.00014080	1.20923872
0.00015360	1.20907437	0.00015360	1.21571427	0.00015360	1.21519380	0.00015360	1.21978365	0.00015360	1.21557146	0.00015360	1.20757761	0.00015360	1.20885850	0.00015360	1.20664375	0.00015360	1.19964961	0.00015360	1.20237306	0.00015360	1.19466175	0.00015360	1.19423541	0.00015360	1.18399243	0.00015360	1.18825391	0.00015360	1.18589601	0.00015360	1.18385237	0.00015360	1.16643085	0.00015360	1.18294819	0.00015360	1.17708971	0.00015360	1.17667544	0.00015360	1.19672381
0.00016640	1.20700499	0.00016640	1.20627286	0.00016640	1.20766155	0.00016640	1.20984481	0.00016640	1.20987194	0.00016640	1.20136854	0.00016640	1.20602568	0.00016640	1.20453610	0.00016640	1.18616731	0.00016640	1.19136399	0.00016640	1.18655853	0.00016640	1.18695163	0.00016640	1.17316875	0.00016640	1.17466320	0.00016640	1.18252893	0.00016640	1.17628341	0.00016640	1.15682623	0.00016640	1.17141826	0.00016640	1.17100875	0.00016640	1.17247588	0.00016640	1.18910007
0.00017920	1.19002854	0.00017920	1.20654623	0.00017920	1.19125752	0.00017920	1.20562746	0.00017920	1.19117209	0.00017920	1.18729226	0.00017920	1.19528850	0.00017920	1.18865206	0.00017920	1.16918042	0.00017920	1.18201622	0.00017920	1.17416480	0.00017920	1.17775922	0.00017920	1.16875757	0.00017920	1.16718758	0.00017920	1.17121568	0.00017920	1.16499824	0.00017920	1.15880215	0.00017920	1.16194969	0.00017920	1.16025404	0.00017920	1.15616267	0.00017920	1.17841565
0.00019200	1.18728016	0.00019200	1.19135099	0.00019200	1.18684324	0.00019200	1.19010040	0.00019200	1.18439099	0.00019200	1.17564012	0.00019200	1.18091204	0.00019200	1.17644914	0.00019200	1.17109717	0.00019200	1.17478625	0.00019200	1.16654820	0.00019200	1.16836141	0.00019200	1.15867827	0.00019200	1.16105801	0.00019200	1.15848788	0.00019200	1.16325941	0.00019200	1.14698876	0.00019200	1.15250339	0.00019200	1.15505179	0.00019200	1.15446844	0.00019200	1.17021280
0.00020480	1.17944754	0.00020480	1.17799371	0.00020480	1.16995506	0.00020480	1.17896745	0.00020480	1.17529782	0.00020480	1.16885431	0.00020480	1.17946220	0.00020480	1.16762872	0.00020480	1.15827013	0.00020480	1.17101582	0.00020480	1.16056326	0.00020480	1.15805907	0.00020480	1.15540575	0.00020480	1.15106772	0.00020480	1.15289939	0.00020480	1.15330380	0.00020480	1.14094936	0.00020480	1.15069200	0.00020480	1.14922881	0.00020480	1.15005397	0.00020480	1.16245579
0.00023040	1.15604354	0.00023040	1.16650425	0.00023040	1.15842148	0.00023040	1.17254413	0.00023040	1.16556553	0.00023040	1.15176527	0.00023040	1.16163045	0.00023040	1.15582453	0.00023040	1.14378323	0.00023040	1.15238902	0.00023040	1.14630247	0.00023040	1.14768583	0.00023040	1.14431743	0.00023040	1.13527523	0.00023040	1.13740534	0.00023040	1.13751136	0.00023040	1.13088571	0.00023040	1.12962671	0.00023040	1.13756321	0.00023040	1.13596013	0.00023040	1.14835024
0.00025600	1.14434043	0.00025600	1.15610873	0.00025600	1.14255854	0.00025600	1.15558009	0.00025600	1.15111675	0.00025600	1.14059411	0.00025600	1.14553021	0.00025600	1.14095337	0.00025600	1.14216304	0.00025600	1.14169506	0.00025600	1.13492621	0.00025600	1.13411786	0.00025600	1.12889073	0.00025600	1.12290290	0.00025600	1.13162858	0.00025600	1.12466798	0.00025600	1.12188055	0.00025600	1.12157968	0.00025600	1.12367864	0.00025600	1.12265832	0.00025600	1.13637859
0.00028160	1.13388750	0.00028160	1.14687780	0.00028160	1.13620214	0.00028160	1.14487481	0.00028160	1.14180276	0.00028160	1.12814448	0.00028160	1.13543678	0.00028160	1.13468646	0.00028160	1.12856318	0.00028160	1.13123107	0.00028160	1.12087146	0.00028160	1.12891696	0.00028160	1.12171544	0.00028160	1.11518058	0.00028160	1.11994539	0.00028160	1.11827184	0.00028160	1.11172177	0.00028160	1.11371322	0.00028160	1.11477043	0.00028160	1.11311999	0.00028160	1.12699670
0.00030720	1.12885203	0.00030720	1.13682695	0.00030720	1.12146883	0.00030720	1.13226947	0.00030720	1.12120421	0.00030720	1.11677626	0.00030720	1.13400959	0.00030720	1.12549390	0.00030720	1.12141239	0.00030720	1.11910997	0.00030720	1.11078004	0.00030720	1.11698745	0.00030720	1.10917121	0.00030720	1.10498307	0.00030720	1.11007473	0.00030720	1.10883459	0.00030720	1.09786340	0.00030720	1.10714828	0.00030720	1.10676649	0.00030720	1.10688491	0.00030720	1.11684589
0.00033280	1.11896962	0.00033280	1.12977305	0.00033280	1.12585939	0.00033280	1.12327945	0.00033280	1.12175920	0.00033280	1.11416215	0.00033280	1.12152220	0.00033280	1.11281172	0.00033280	1.11137902	0.00033280	1.11058223	0.00033280	1.11029767	0.00033280	1.11401457	0.00033280	1.10319427	0.00033280	1.09999996	0.00033280	1.10589734	0.00033280	1.10250680	0.00033280	1.09579561	0.00033280	1.10327830	0.00033280	1.09900447	0.00033280	1.09765960	0.00033280	1.11108733
0.00035840	1.11462473	0.00035840	1.11608481	0.00035840	1.11734967	0.00035840	1.11614031	0.00035840	1.10381315	0.00035840	1.11171547	0.00035840	1.11469240	0.00035840	1.10798000	0.00035840	1.10272397	0.00035840	1.10941967	0.00035840	1.10378805	0.00035840	1.10703443	0.00035840	1.10248700	0.00035840	1.09638353	0.00035840	1.09761284	0.00035840	1.09677587	0.00035840	1.09153833	0.00035840	1.09653913	0.00035840	1.09655934	0.00035840	1.09702718	0.00035840	1.10501449
0.00038400	1.10617113	0.00038400	1.11181440	0.00038400	1.10759553	0.00038400	1.11398403	0.00038400	1.10351458	0.00038400	1.10405102	0.00038400	1.10676954	0.00038400	1.09782574	0.00038400	1.09452174	0.00038400	1.10032520	0.00038400	1.09480450	0.00038400	1.10113465	0.00038400	1.09280584	0.00038400	1.09274529	0.00038400	1.09508429	0.00038400	1.09279349	0.00038400	1.08734713	0.00038400	1.08735491	0.00038400	1.09287586	0.00038400	1.08910361	0.00038400	1.09863112
0.00040960	1.10214278	0.00040960	1.10772416	0.00040960	1.09959761	0.00040960	1.10417756	0.00040960	1.09923973	0.00040960	1.09280891	0.00040960	1.10365697	0.00040960	1.09799378	0.00040960	1.09342377	0.00040960	1.09922993	0.00040960	1.09168993	0.00040960	1.09372868	0.00040960	1.08520282	0.00040960	1.08400570	0.00040960	1.09047360	0.00040960	1.08662243	0.00040960	1.08151088	0.00040960	1.08443184	0.00040960	1.08234077	0.00040960	1.08837295	0.00040960	1.09341874
0.00046080	1.09318758	0.00046080	1.09881563	0.00046080	1.08814800	0.00046080	1.09448834	0.00046080	1.08642935	0.00046080	1.08963405	0.00046080	1.09141995	0.00046080	1.08335366	0.00046080	1.07859690	0.00046080	1.09093756	0.00046080	1.08231380	0.00046080	1.08777094	0.00046080	1.07663149	0.00046080	1.07661383	0.00046080	1.08094988	0.00046080	1.07742024	0.00046080	1.07114638	0.00046080	1.07782287	0.00046080	1.07761001	0.00046080	1.07634245	0.00046080	1.08398165
0.00051200	1.08634596	0.00051200	1.08418145	0.00051200	1.08421549	0.00051200	1.09378571	0.00051200	1.07920424	0.00051200	1.07952497	0.00051200	1.08849909	0.00051200	1.08002719	0.00051200	1.07543530	0.00051200	1.07999097	0.00051200	1.07630251	0.00051200	1.08128932	0.00051200	1.06641732	0.00051200	1.06900619	0.00051200	1.07556427	0.00051200	1.07020395	0.00051200	1.06549641	0.00051200	1.07225097	0.00051200	1.07102103	0.00051200	1.06932059	0.00051200	1.07740415
0.00056320	1.07646579	0.00056320	1.07573700	0.00056320	1.07801690	0.00056320	1.08055827	0.00056320	1.07678861	0.00056320	1.07222443	0.00056320	1.07864527	0.00056320	1.07361181	0.00056320	1.06659076	0.00056320	1.07229783	0.00056320	1.06824598	0.00056320	1.07746498	0.00056320	1.06440531	0.00056320	1.06107924	0.00056320	1.07214623	0.00056320	1.06462817	0.00056320	1.06455908	0.00056320	1.06776945	0.00056320	1.06540602	0.00056320	1.06303581	0.00056320	1.07098385
0.00061440	1.06775618	0.00061440	1.07530623	0.00061440	1.07182024	0.00061440	1.07608578	0.00061440	1.07646431	0.00061440	1.07038976	0.00061440	1.07235323	0.00061440	1.06758570	0.00061440	1.06728492	0.00061440	1.06444225	0.00061440	1.05741519	0.00061440	1.07060131	0.00061440	1.05815211	0.00061440	1.05707204	0.00061440	1.06497652	0.00061440	1.06039096	0.00061440	1.05634245	0.00061440	1.06096977	0.00061440	1.05940108	0.00061440	1.05439153	0.00061440	1.06546008
0.00066560	1.06808744	0.00066560	1.06558735	0.00066560	1.06767000	0.00066560	1.07125634	0.00066560	1.06594677	0.00066560	1.06488611	0.00066560	1.06581938	0.00066560	1.06270083	0.00066560	1.05962608	0.00066560	1.05930140	0.00066560	1.05555151	0.00066560	1.06252305	0.00066560	1.05438797	0.00066560	1.05382281	0.00066560	1.05798178	0.00066560	1.05630726	0.00066560	1.05258050	0.00066560	1.06119923	0.00066560	1.05438346	0.00066560	1.05218700	0.00066560	1.06059031
0.00071680	1.05712811	0.00071680	1.06300649	0.00071680	1.05942745	0.00071680	1.06645108	0.00071680	1.05776664	0.00071680	1.05895351	0.00071680	1.05752026	0.00071680	1.06128721	0.00071680	1.05340767	0.00071680	1.05389584	0.00071680	1.05787369	0.00071680	1.05884317	0.00071680	1.05231452	0.00071680	1.04679115	0.00071680	1.05117462	0.00071680	1.05060834	0.00071680	1.05042604	0.00071680	1.05133047	0.00071680	1.05276588	0.00071680	1.04916129	0.00071680	1.05550667
0.00076800	1.05810552	0.00076800	1.06076700	0.00076800	1.05731151	0.00076800	1.06375290	0.00076800	1.05397487	0.00076800	1.05630868	0.00076800	1.05825436	0.00076800	1.05760189	0.00076800	1.05457186	0.00076800	1.04777895	0.00076800	1.05404063	0.00076800	1.05675422	0.00076800	1.04813258	0.00076800	1.04080220	0.00076800	1.04628059	0.00076800	1.04961278	0.00076800	1.04918411	0.00076800	1.04598339	0.00076800	1.04972031	0.00076800	1.04777662	0.00076800	1.05283575
0.00081920	1.05587407	0.00081920	1.05434959	0.00081920	1.05908780	0.00081920	1.05941999	0.00081920	1.05997687	0.00081920	1.05542332	0.00081920	1.05386596	0.00081920	1.05089975	0.00081920	1.05307284	0.00081920	1.04255264	0.00081920	1.04656011	0.00081920	1.04774459	0.00081920	1.04664324	0.00081920	1.03994270	0.00081920	1.04431615	0.00081920	1.04297627	0.00081920	1.04302321	0.00081920	1.04523697	0.00081920	1.04554125	0.00081920	1.04617424	0.00081920	1.04963408
0.00092160	1.04901878	0.00092160	1.04747369	0.00092160	1.04757817	0.00092160	1.05295079	0.00092160	1.05303286	0.00092160	1.04706214	0.00092160	1.04811584	0.00092160	1.04649861	0.00092160	1.05042179	0.00092160	1.04651672	0.00092160	1.04201889	0.00092160	1.04498121	0.00092160	1.03638424	0.00092160	1.03762770	0.00092160	1.03893860	0.00092160	1.04336015	0.00092160	1.03924136	0.00092160	1.03911233	0.00092160	1.04318676	0.00092160	1.03977778	0.00092160	1.04466492
0.00102400	1.04284909	0.00102400	1.04622931	0.00102400	1.04203763	0.00102400	1.04956300	0.00102400	1.04731122	0.00102400	1.04179460	0.00102400	1.04132887	0.00102400	1.04111335	0.00102400	1.04110288	0.00102400	1.04058420	0.00102400	1.03934302	0.00102400	1.04134983	0.00102400	1.03492538	0.00102400	1.03453790	0.00102400	1.04004024	0.00102400	1.03902926	0.00102400	1.03650049	0.00102400	1.04046669	0.00102400	1.03696809	0.00102400	1.03586067	0.00102400	1.04064679
0.00112640	1.04108776	0.00112640	1.04280006	0.00112640	1.03798392	0.00112640	1.04530948	0.00112640	1.04534680	0.00112640	1.03982244	0.00112640	1.04152439	0.00112640	1.03624191	0.00112640	1.03320560	0.00112640	1.03977725	0.00112640	1.03912863	0.00112640	1.03944652	0.00112640	1.03103048	0.00112640	1.03358744	0.00112640	1.03864128	0.00112640	1.03192783	0.00112640	1.03141343	0.00112640	1.03545114	0.00112640	1.03250527	0.00112640	1.03508465	0.00112640	1.03756581
0.00122880	1.03803527	0.00122880	1.03666143	0.00122880	1.03526636	0.00122880	1.04117236	0.00122880	1.03888426	0.00122880	1.03643157	0.00122880	1.03783118	0.00122880	1.03509253	0.00122880	1.02993259	0.00122880	1.03493788	0.00122880	1.03453579	0.00122880	1.04043991	0.00122880	1.02600211	0.00122880	1.03228432	0.00122880	1.03580768	0.00122880	1.03106888	0.00122880	1.02830720	0.00122880	1.03164511	0.00122880	1.02750759	0.00122880	1.03128496	0.00122880	1.03415645
0.00133120	1.03841112	0.00133120	1.03204616	0.00133120	1.03409383	0.00133120	1.04296462	0.00133120	1.03764041	0.00133120	1.03904404	0.00133120	1.03435179	0.00133120	1.02875451	0.00133120	1.03102532	0.00133120	1.03182108	0.00133120	1.03162611	0.00133120	1.03877495	0.00133120	1.02355292	0.00133120	1.02723790	0.00133120	1.03063842	0.00133120	1.03296283	0.00133120	1.02228573	0.00133120	1.03040134	0.00133120	1.02345532	0.00133120	1.02721103	0.00133120	1.03191497
0.00143360	1.03224158	0.00143360	1.03159025	0.00143360	1.03092904	0.00143360	1.03770041	0.00143360	1.03895693	0.00143360	1.03129093	0.00143360	1.03344472	0.00143360	1.02813669	0.00143360	1.02657667	0.00143360	1.03237247	0.00143360	1.02711396	0.00143360	1.04064501	0.00143360	1.02316514	0.00143360	1.02719800	0.00143360	1.02836192	0.00143360	1.02843090	0.00143360	1.02283523	0.00143360	1.02714314	0.00143360	1.02368219	0.00143360	1.02595873	0.00143360	1.02988870
0.00153600	1.02855022	0.00153600	1.02951652	0.00153600	1.03389820	0.00153600	1.03102893	0.00153600	1.03226596	0.00153600	1.03104463	0.00153600	1.02998895	0.00153600	1.02538126	0.00153600	1.02410248	0.00153600	1.02839939	0.00153600	1.02802736	0.00153600	1.03431048	0.00153600	1.01859554	0.00153600	1.02574399	0.00153600	1.03024852	0.00153600	1.02676600	0.00153600	1.02286750	0.00153600	1.02469060	0.00153600	1.02406800	0.00153600	1.02652060	0.00153600	1.02780076
0.00163840	1.02998418	0.00163840	1.02589201	0.00163840	1.03310100	0.00163840	1.02859057	0.00163840	1.02772854	0.00163840	1.02695699	0.00163840	1.02961706	0.00163840	1.02667587	0.00163840	1.02165799	0.00163840	1.02512507	0.00163840	1.02600141	0.00163840	1.03114523	0.00163840	1.02011812	0.00163840	1.02535715	0.00163840	1.02352809	0.00163840	1.02544077	0.00163840	1.01990297	0.00163840	1.02294655	0.00163840	1.02599706	0.00163840	1.02539938	0.00163840	1.02605830
0.00184320	1.02381507	0.00184320	1.02247514	0.00184320	1.02678409	0.00184320	1.02572593	0.00184320	1.02172350	0.00184320	1.02069981	0.00184320	1.02756010	0.00184320	1.02231637	0.00184320	1.02258005	0.00184320	1.02316973	0.00184320	1.02397214	0.00184320	1.02770172	0.00184320	1.01971298	0.00184320	1.01875031	0.00184320	1.01943059	0.00184320	1.01967731	0.00184320	1.01758837	0.00184320	1.02031263	0.00184320	1.02296158	0.00184320	1.02232047	0.00184320	1.02246389
0.00204800	1.02032965	0.00204800	1.02183495	0.00204800	1.02295354	0.00204800	1.02266691	0.00204800	1.02124525	0.00204800	1.01564313	0.00204800	1.02475360	0.00204800	1.01407153	0.00204800	1.02062109	0.00204800	1.02285668	0.00204800	1.02238714	0.00204800	1.02308449	0.00204800	1.01704801	0.00204800	1.01680769	0.00204800	1.01671116	0.00204800	1.01417739	0.00204800	1.01661711	0.00204800	1.01794128	0.00204800	1.02055351	0.00204800	1.01962917	0.00204800	1.01959666
0.00225280	1.01791213	0.00225280	1.02179673	0.00225280	1.02139228	0.00225280	1.02225855	0.00225280	1.01892706	0.00225280	1.01922864	0.00225280	1.02050413	0.00225280	1.01733189	0.00225280	1.01829273	0.00225280	1.01887347	0.00225280	1.01399791	0.00225280	1.02337466	0.00225280	1.01369458	0.00225280	1.01471942	0.00225280	1.01632329	0.00225280	1.01055374	0.00225280	1.01767914	0.00225280	1.01288590	0.00225280	1.01454019	0.00225280	1.01667527	0.00225280	1.01754808
0.00245760	1.01829844	0.00245760	1.01956563	0.00245760	1.01945308	0.00245760	1.01738961	0.00245760	1.02126737	0.00245760	1.01872287	0.00245760	1.02113376	0.00245760	1.01703688	0.00245760	1.01935927	0.00245760	1.01764394	0.00245760	1.01373843	0.00245760	1.01823159	0.00245760	1.01558320	0.00245760	1.01459547	0.00245760	1.01279710	0.00245760	1.01416368	0.00245760	1.01723488	0.00245760	1.01007171	0.00245760	1.01791053	0.00245760	1.01572250	0.00245760	1.01699600
0.00266240	1.01226348	0.00266240	1.01262609	0.00266240	1.01711309	0.00266240	1.01591099	0.00266240	1.01790041	0.00266240	1.01456003	0.00266240	1.01699465	0.00266240	1.01876360	0.00266240	1.02004463	0.00266240	1.01709850	0.00266240	1.00972152	0.00266240	1.01758518	0.00266240	1.01710860	0.00266240	1.01495332	0.00266240	1.01239878	0.00266240	1.01561969	0.00266240	1.01199646	0.00266240	1.00937861	0.00266240	1.01161655	0.00266240	1.01356725	0.00266240	1.01486107
0.00286720	1.01377982	0.00286720	1.01407277	0.00286720	1.01802156	0.00286720	1.01502006	0.00286720	1.01740448	0.00286720	1.01545681	0.00286720	1.01511399	0.00286720	1.01531358	0.00286720	1.01766082	0.00286720	1.01435170	0.00286720	1.00621873	0.00286720	1.01721043	0.00286720	1.01280676	0.00286720	1.01245448	0.00286720	1.01444127	0.00286720	1.01373358	0.00286720	1.00451051	0.00286720	1.01065945	0.00286720	1.01304073	0.00286720	1.01230690	0.00286720	1.01367892
0.00307200	1.01626147	0.00307200	1.01409251	0.00307200	1.01047838	0.00307200	1.01482387	0.00307200	1.01211708	0.00307200	1.01552836	0.00307200	1.01169348	0.00307200	1.01214294	0.00307200	1.01676045	0.00307200	1.01404592	0.00307200	1.00887337	0.00307200	1.01406336	0.00307200	1.01582986	0.00307200	1.00933593	0.00307200	1.01326643	0.00307200	1.00765744	0.00307200	1.00676603	0.00307200	1.01035955	0.00307200	1.01180232	0.00307200	1.00437489	0.00307200	1.01201368
0.00327680	1.01379684	0.00327680	1.01004978	0.00327680	1.00929388	0.00327680	1.01336500	0.00327680	1.00945039	0.00327680	1.01150589	0.00327680	1.01087767	0.00327680	1.01112012	0.00327680	1.01800267	0.00327680	1.00882143	0.00327680	1.01133393	0.00327680	1.01492027	0.00327680	1.01586834	0.00327680	1.00854807	0.00327680	1.01377522	0.00327680	1.00667426	0.00327680	1.00585438	0.00327680	1.00897316	0.00327680	1.01136510	0.00327680	1.00711734	0.00327680	1.01103569
0.00368640	1.01331478	0.00368640	1.01216026	0.00368640	1.00814027	0.00368640	1.01125642	0.00368640	1.00935874	0.00368640	1.01156565	0.00368640	1.01085552	0.00368640	1.00978548	0.00368640	1.01328377	0.00368640	1.00941375	0.00368640	1.01292260	0.00368640	1.01215905	0.00368640	1.01070874	0.00368640	1.00523467	0.00368640	1.01027260	0.00368640	1.00761492	0.00368640	1.00890418	0.00368640	1.00910801	0.00368640	1.00639978	0.00368640	1.00685895	0.00368640	1.00996591
0.00409600	1.01009860	0.00409600	1.01028610	0.00409600	1.00820101	0.00409600	1.00846711	0.00409600	1.00716463	0.00409600	1.01225307	0.00409600	1.01455628	0.00409600	1.01016611	0.00409600	1.00690734	0.00409600	1.01063088	0.00409600	1.00851344	0.00409600	1.01024989	0.00409600	1.00812734	0.00409600	1.00695434	0.00409600	1.00971721	0.00409600	1.00641571	0.00409600	1.01002556	0.00409600	1.00647690	0.00409600	1.00631786	0.00409600	1.00719042	0.00409600	1.00893599
0.00450560	1.00865809	0.00450560	1.00749978	0.00450560	1.00884117	0.00450560	1.00571655	0.00450560	1.00850173	0.00450560	1.01133938	0.00450560	1.01424431	0.00450560	1.01180218	0.00450560	1.00405635	0.00450560	1.01301919	0.00450560	1.01084806	0.00450560	1.00971078	0.00450560	1.00419478	0.00450560	1.00549525	0.00450560	1.00641084	0.00450560	1.00620835	0.00450560	1.00815746	0.00450560	1.00830064	0.00450560	1.00733313	0.00450560	1.00762271	0.00450560	1.00839804
0.00491520	1.00301939	0.00491520	1.00520239	0.00491520	1.00986153	0.00491520	1.00157791	0.00491520	1.00739791	0.00491520	1.00829525	0.00491520	1.01144170	0.00491520	1.00754386	0.00491520	1.00461027	0.00491520	1.01424227	0.00491520	1.01135214	0.00491520	1.00744184	0.00491520	1.00636434	0.00491520	1.00806222	0.00491520	1.00901764	0.00491520	1.01043586	0.00491520	1.00581248	0.00491520	1.00658741	0.00491520	1.00564317	0.00491520	1.00966779	0.00491520	1.00767887
0.00532480	1.00429991	0.00532480	1.00522896	0.00532480	1.00924132	0.00532480	1.00219871	0.00532480	1.00706935	0.00532480	1.00703501	0.00532480	1.00924890	0.00532480	1.00128896	0.00532480	1.00872406	0.00532480	1.01007264	0.00532480	1.01071980	0.00532480	1.00435817	0.00532480	1.00202713	0.00532480	1.00848739	0.00532480	1.00846956	0.00532480	1.00706076	0.00532480	1.00362249	0.00532480	1.00694040	0.00532480	1.00207866	0.00532480	1.00904586	0.00532480	1.00636090
0.00573440	1.00338454	0.00573440	1.00944684	0.00573440	1.00740085	0.00573440	1.00142529	0.00573440	1.00982512	0.00573440	1.00958169	0.00573440	1.00629224	0.00573440	1.00423532	0.00573440	1.00464726	0.00573440	1.00507531	0.00573440	1.00960465	0.00573440	1.01042612	0.00573440	0.99947355	0.00573440	1.00566042	0.00573440	1.00802096	0.00573440	1.00305509	0.00573440	1.00418168	0.00573440	1.00649969	0.00573440	0.99816521	0.00573440	1.00665281	0.00573440	1.00565273
0.00614400	1.00535802	0.00614400	1.01301207	0.00614400	1.00692554	0.00614400	1.00094112	0.00614400	1.01114091	0.00614400	1.00988614	0.00614400	1.00777012	0.00614400	1.00367200	0.00614400	1.00790710	0.00614400	1.00250278	0.00614400	1.00798446	0.00614400	1.00743495	0.00614400	1.00383022	0.00614400	1.00382202	0.00614400	1.00720435	0.00614400	1.00393065	0.00614400	1.00478572	0.00614400	1.00379067	0.00614400	0.99996645	0.00614400	1.00716949	0.00614400	1.00595174
0.00655360	1.00495029	0.00655360	1.01041690	0.00655360	1.00564303	0.00655360	1.00264906	0.00655360	1.00869651	0.00655360	1.00613609	0.00655360	1.00488734	0.00655360	1.00324394	0.00655360	1.00247518	0.00655360	1.00615128	0.00655360	1.00327300	0.00655360	1.00819351	0.00655360	1.00475598	0.00655360	1.00100979	0.00655360	1.00824314	0.00655360	1.00305132	0.00655360	1.00097159	0.00655360	1.00525702	0.00655360	1.00154730	0.00655360	1.00959850	0.00655360	1.00505754
0.00737280	1.00366578	0.00737280	1.00691411	0.00737280	1.00732026	0.00737280	1.00314214	0.00737280	1.00432177	0.00737280	1.00558085	0.00737280	1.00493145	0.00737280	1.00444293	0.00737280	1.00466096	0.00737280	1.00349194	0.00737280	1.00520360	0.00737280	1.00790211	0.00737280	1.00609212	0.00737280	1.00328746	0.00737280	1.00355830	0.00737280	1.00462140	0.00737280	1.00089406	0.00737280	1.00323722	0.00737280	1.00218764	0.00737280	1.00415552	0.00737280	1.00448058
0.00819200	1.00316285	0.00819200	1.00222720	0.00819200	1.00417766	0.00819200	0.99978124	0.00819200	1.00350649	0.00819200	1.00384659	0.00819200	1.00337640	0.00819200	1.00188842	0.00819200	1.00251004	0.00819200	1.00398215	0.00819200	1.00340479	0.00819200	1.00481669	0.00819200	1.00274133	0.00819200	1.00621412	0.00819200	1.00191599	0.00819200	1.00330709	0.00819200	1.00363354	0.00819200	1.00017748	0.00819200	1.00210183	0.00819200	1.00250862	0.00819200	1.00296403
0.00901120	1.00405228	0.00901120	1.00011783	0.00901120	1.00156894	0.00901120	1.00100303	0.00901120	0.99999353	0.00901120	1.00305164	0.00901120	1.00442159	0.00901120	1.00406226	0.00901120	1.00543784	0.00901120	1.00400596	0.00901120	1.00209324	0.00901120	1.00184149	0.00901120	1.00081059	0.00901120	1.00358322	0.00901120	1.00550559	0.00901120	1.00061464	0.00901120	1.00419537	0.00901120	1.00088583	0.00901120	1.00189571	0.00901120	1.00431437	0.00901120	1.00267275
0.00983040	1.00431055	0.00983040	0.99968184	0.00983040	1.00200675	0.00983040	0.99871694	0.00983040	1.00424575	0.00983040	1.00386578	0.00983040	1.00449086	0.00983040	1.00608596	0.00983040	1.00395410	0.00983040	1.00128388	0.00983040	1.00040218	0.00983040	1.00091158	0.00983040	0.99958732	0.00983040	1.00371079	0.00983040	1.00274059	0.00983040	0.99860826	0.00983040	1.00417785	0.00983040	0.99886597	0.00983040	0.99964071	0.00983040	1.00393055	0.00983040	1.00206091
0.01064960	1.00042281	0.01064960	1.00218296	0.01064960	1.00368938	0.01064960	0.99845583	0.01064960	1.00270895	0.01064960	1.00663451	0.01064960	1.00378889	0.01064960	1.00763034	0.01064960	1.00044778	0.01064960	0.99947112	0.01064960	0.99924435	0.01064960	1.00032487	0.01064960	1.00421001	0.01064960	1.00273427	0.01064960	1.00233478	0.01064960	1.00108040	0.01064960	1.00367891	0.01064960	1.00176056	0.01064960	1.00130010	0.01064960	1.00368513	0.01064960	1.00228930
0.01146880	0.99948949	0.01146880	1.00396238	0.01146880	1.00190411	0.01146880	0.99791256	0.01146880	1.00135203	0.01146880	1.00102284	0.01146880	1.00334723	0.01146880	1.00604570	0.01146880	1.00324737	0.01146880	0.99980725	0.01146880	0.99954969	0.01146880	1.00082927	0.01146880	1.00358191	0.01146880	1.00144909	0.01146880	1.00182342	0.01146880	1.00606564	0.01146880	0.99973772	0.01146880	1.00047159	0.01146880	1.00118972	0.01146880	1.00322507	0.01146880	1.00180070
0.01228800	0.99998347	0.01228800	1.00365255	0.01228800	1.00071106	0.01228800	0.99983288	0.01228800	0.99995725	0.01228800	1.00191065	0.01228800	0.99830533	0.01228800	1.00323271	0.01228800	1.00485479	0.01228800	1.00257256	0.01228800	1.00055799	0.01228800	1.00225734	0.01228800	1.00186036	0.01228800	1.00103651	0.01228800	1.00057555	0.01228800	1.00624669	0.01228800	0.99858954	0.01228800	1.00191115	0.01228800	1.00086737	0.01228800	1.00194922	0.01228800	1.00154325
0.01310720	1.00000558	0.01310720	1.00047581	0.01310720	1.00093671	0.01310720	0.99934058	0.01310720	0.99639837	0.01310720	1.00134754	0.01310720	0.99945545	0.01310720	1.00270903	0.01310720	1.00150417	0.01310720	1.00286735	0.01310720	1.00163253	0.01310720	1.00010648	0.01310720	1.00196178	0.01310720	1.00294530	0.01310720	1.00054333	0.01310720	1.00477649	0.01310720	1.00222944	0.01310720	1.00309793	0.01310720	1.00056656	0.01310720	1.00252081	0.01310720	1.00127106
0.01474560	0.99787696	0.01474560	1.00581292	0.01474560	0.99838693	0.01474560	0.99789712	0.01474560	1.00157027	0.01474560	1.00370195	0.01474560	1.00149878	0.01474560	1.00465404	0.01474560	1.00119871	0.01474560	1.00590894	0.01474560	1.00091284	0.01474560	1.00230102	0.01474560	1.00282598	0.01474560	1.00266022	0.01474560	1.00544717	0.01474560	1.00300009	0.01474560	1.00037441	0.01474560	1.00366113	0.01474560	0.99872566	0.01474560	1.00321490	0.01474560	1.00208150
0.01638400	1.00008594	0.01638400	1.00372805	0.01638400	1.00133884	0.01638400	0.99846850	0.01638400	1.00175568	0.01638400	1.00034421	0.01638400	1.00158235	0.01638400	1.00401759	0.01638400	0.99987799	0.01638400	1.00550112	0.01638400	0.99964975	0.01638400	1.00091575	0.01638400	0.99988253	0.01638400	1.00072698	0.01638400	1.00258131	0.01638400	1.00106128	0.01638400	1.00142511	0.01638400	1.00162744	0.01638400	0.99599809	0.01638400	1.00124698	0.01638400	1.00109077
0.01802240	1.00548273	0.01802240	1.00060948	0.01802240	1.00287722	0.01802240	1.00094431	0.01802240	1.00196023	0.01802240	0.99850588	0.01802240	1.00057371	0.01802240	1.00188803	0.01802240	0.99961636	0.01802240	1.00226066	0.01802240	1.00067492	0.01802240	1.00235396	0.01802240	1.00231154	0.01802240	0.99986262	0.01802240	1.00134821	0.01802240	0.99976692	0.01802240	1.00171499	0.01802240	1.00242514	0.01802240	0.99789241	0.01802240	1.00161706	0.01802240	1.00123432
0.01966080	1.00372483	0.01966080	1.00098807	0.01966080	1.00129653	0.01966080	1.00208576	0.01966080	1.00397227	0.01966080	1.00020709	0.01966080	0.99994814	0.01966080	1.00050636	0.01966080	0.99819065	0.01966080	0.99949633	0.01966080	0.99952793	0.01966080	0.99971361	0.01966080	1.00201972	0.01966080	1.00186470	0.01966080	1.00080807	0.01966080	1.00025725	0.01966080	1.00316575	0.01966080	1.00088226	0.01966080	0.99708667	0.01966080	1.00019105	0.01966080	1.00079665
0.02129920	1.00094216	0.02129920	0.99948180	0.02129920	0.99694326	0.02129920	1.00185591	0.02129920	0.99860301	0.02129920	1.00440968	0.02129920	1.00205052	0.02129920	1.00173696	0.02129920	1.00064855	0.02129920	1.00072495	0.02129920	0.99984906	0.02129920	1.00155705	0.02129920	1.00304183	0.02129920	1.00167158	0.02129920	1.00184809	0.02129920	1.00041806	0.02129920	1.00294532	0.02129920	0.99977881	0.02129920	0.99984818	0.02129920	1.00058467	0.02129920	1.00094697
0.02293760	1.00325963	0.02293760	0.99965583	0.02293760	0.99873198	0.02293760	0.99878139	0.02293760	1.00114587	0.02293760	1.00392052	0.02293760	1.00033912	0.02293760	1.00078430	0.02293760	1.00087631	0.02293760	1.00207570	0.02293760	1.00092933	0.02293760	0.99957136	0.02293760	1.00215274	0.02293760	1.00138090	0.02293760	1.00082239	0.02293760	1.00122574	0.02293760	0.99898311	0.02293760	1.00213551	0.02293760	0.99926591	0.02293760	0.99972311	0.02293760	1.00078804
0.02457600	1.00109869	0.02457600	0.99753094	0.02457600	0.99717205	0.02457600	0.99800217	0.02457600	1.00262255	0.02457600	1.00131187	0.02457600	1.00077960	0.02457600	1.00107946	0.02457600	1.00075764	0.02457600	1.00477648	0.02457600	0.99943139	0.02457600	0.99978774	0.02457600	1.00395468	0.02457600	0.99885602	0.02457600	0.99895691	0.02457600	0.99861086	0.02457600	0.99882902	0.02457600	1.00232049	0.02457600	0.99931661	0.02457600	0.99668026	0.02457600	1.00009377
0.02621440	1.00205417	0.02621440	0.99923158	0.02621440	0.99759650	0.02621440	1.00062973	0.02621440	1.00164172	0.02621440	1.00327952	0.02621440	0.99816496	0.02621440	1.00268831	0.02621440	1.00113439	0.02621440	1.00366457	0.02621440	1.00125541	0.02621440	0.99954120	0.02621440	1.00135098	0.02621440	0.99848182	0.02621440	0.99918364	0.02621440	0.99748447	0.02621440	0.99852923	0.02621440	1.00481026	0.02621440	0.99981029	0.02621440	0.99985298	0.02621440	1.00051929
0.02949120	1.00161122	0.02949120	0.99942906	0.02949120	0.99655916	0.02949120	1.00214167	0.02949120	1.00083398	0.02949120	1.00322261	0.02949120	0.99969900	0.02949120	1.00312958	0.02949120	1.00035699	0.02949120	0.99831318	0.02949120	1.00115381	0.02949120	0.99948127	0.02949120	1.00016531	0.02949120	1.00024334	0.02949120	0.99731021	0.02949120	1.00096519	0.02949120	1.00348503	0.02949120	1.00286197	0.02949120	0.99769554	0.02949120	1.00083182	0.02949120	1.00047450
0.03276800	0.99972512	0.03276800	0.99889012	0.03276800	1.00210182	0.03276800	0.99942097	0.03276800	1.00084585	0.03276800	1.00147219	0.03276800	1.00168575	0.03276800	1.00383295	0.03276800	0.99922798	0.03276800	1.00062027	0.03276800	1.00040696	0.03276800	1.00093253	0.03276800	1.00070156	0.03276800	1.00137732	0.03276800	1.00114892	0.03276800	0.99971116	0.03276800	1.00174832	0.03276800	1.00040877	0.03276800	0.99907059	0.03276800	1.00115230	0.03276800	1.00072407
0.03604480	1.00183807	0.03604480	1.00083505	0.03604480	0.99969199	0.03604480	0.99725029	0.03604480	1.00114080	0.03604480	1.00120075	0.03604480	1.00376163	0.03604480	1.00258279	0.03604480	0.99784200	0.03604480	0.99852899	0.03604480	1.00109052	0.03604480	1.00177870	0.03604480	1.00014583	0.03604480	0.99941668	0.03604480	1.00209460	0.03604480	0.99737579	0.03604480	1.00186291	0.03604480	0.99851757	0.03604480	1.00187086	0.03604480	0.99985228	0.03604480	1.00043391
0.03932160	1.00088591	0.03932160	1.00217692	0.03932160	1.00314840	0.03932160	0.99926630	0.03932160	0.99980250	0.03932160	1.00236422	0.03932160	0.99974184	0.03932160	1.00337610	0.03932160	1.00135569	0.03932160	0.99718370	0.03932160	1.00084769	0.03932160	1.00066742	0.03932160	0.99903814	0.03932160	0.99878387	0.03932160	1.00038565	0.03932160	1.00163680	0.03932160	1.00171226	0.03932160	1.00003952	0.03932160	1.00041519	0.03932160	0.99643606	0.03932160	1.00046321
0.04259840	0.99999077	0.04259840	0.99804939	0.04259840	1.00208256	0.04259840	1.00033966	0.04259840	0.99844931	0.04259840	0.99951560	0.04259840	0.99931718	0.04259840	1.00126889	0.04259840	0.99927256	0.04259840	0.99791166	0.04259840	0.99614367	0.04259840	1.00218780	0.04259840	1.00063749	0.04259840	1.00174447	0.04259840	0.99855072	0.04259840	0.99964454	0.04259840	1.00196376	0.04259840	1.00046060	0.04259840	0.99960678	0.04259840	0.99962059	0.04259840	0.99983790
0.04587520	0.99965018	0.04587520	1.00187944	0.04587520	0.99894061	0.04587520	1.00240136	0.04587520	0.99775475	0.04587520	0.99980790	0.04587520	1.00082030	0.04587520	0.99764045	0.04587520	1.00048273	0.04587520	0.99854743	0.04587520	0.99856559	0.04587520	1.00395638	0.04587520	0.99910330	0.04587520	1.00212334	0.04587520	1.00082375	0.04587520	1.00095388	0.04587520	1.00240688	0.04587520	0.99964763	0.04587520	1.00022707	0.04587520	1.00086319	0.04587520	1.00032981
0.04915200	0.99906403	0.04915200	0.99932525	0.04915200	0.99848390	0.04915200	0.99911091	0.04915200	1.00192855	0.04915200	1.00154610	0.04915200	1.00044390	0.04915200	1.00032084	0.04915200	1.00075223	0.04915200	1.00026297	0.04915200	0.99906117	0.04915200	1.00431663	0.04915200	0.99963633	0.04915200	1.00174510	0.04915200	1.00325739	0.04915200	1.00165250	0.04915200	1.00185924	0.04915200	0.99713950	0.04915200	0.99996420	0.04915200	0.99730820	0.04915200	1.00035895
0.05242880	0.99650428	0.05242880	0.99950328	0.05242880	0.99878111	0.05242880	1.00020791	0.05242880	1.00052650	0.05242880	1.00338637	0.05242880	0.99724466	0.05242880	1.00120814	0.05242880	0.99844634	0.05242880	0.99866755	0.05242880	0.99860115	0.05242880	1.00393286	0.05242880	0.99878578	0.05242880	1.00169213	0.05242880	1.00117397	0.05242880	1.00074090	0.05242880	1.00141581	0.05242880	1.00196228	0.05242880	0.99956391	0.05242880	0.99859504	0.05242880	1.00004700
0.05898240	1.00123236	0.05898240	1.00060651	0.05898240	0.99803676	0.05898240	1.00029834	0.05898240	0.99923907	0.05898240	0.99876061	0.05898240	0.99887989	0.05898240	1.00264923	0.05898240	0.99826533	0.05898240	0.99838154	0.05898240	1.00008394	0.05898240	1.00101477	0.05898240	0.99735602	0.05898240	1.00139061	0.05898240	0.99926126	0.05898240	1.00236265	0.05898240	0.99780846	0.05898240	1.00172259	0.05898240	0.99975944	0.05898240	0.99881921	0.05898240	0.99979643
0.06553600	1.00140196	0.06553600	1.00199386	0.06553600	0.99738804	0.06553600	0.99959639	0.06553600	1.00017445	0.06553600	0.99861230	0.06553600	1.00010425	0.06553600	1.00317439	0.06553600	0.99975850	0.06553600	1.00019294	0.06553600	0.99972160	0.06553600	1.00056032	0.06553600	0.99846894	0.06553600	0.99910454	0.06553600	0.99975785	0.06553600	0.99897880	0.06553600	1.00148424	0.06553600	0.99914739	0.06553600	0.99864126	0.06553600	0.99970715	0.06553600	0.99989846
0.07208960	0.99893204	0.07208960	0.99976649	0.07208960	0.99987479	0.07208960	1.00428295	0.07208960	1.00131175	0.07208960	1.00037508	0.07208960	1.00153877	0.07208960	1.00245390	0.07208960	1.00083066	0.07208960	0.99910513	0.07208960	1.00127692	0.07208960	0.99919976	0.07208960	1.00003348	0.07208960	0.99964105	0.07208960	1.00059458	0.07208960	1.00135442	0.07208960	0.99874189	0.07208960	1.00097867	0.07208960	0.99949502	0.07208960	1.00123220	0.07208960	1.00055098
0.07864320	0.99982399	0.07864320	0.99804475	0.07864320	0.99809070	0.07864320	0.99971184	0.07864320	1.00017324	0.07864320	0.99764354	0.07864320	0.99933538	0.07864320	0.99985590	0.07864320	0.99843201	0.07864320	0.99686501	0.07864320	1.00090606	0.07864320	1.00305967	0.07864320	1.00172735	0.07864320	0.99724354	0.07864320	0.99783114	0.07864320	1.00129859	0.07864320	0.99981786	0.07864320	0.99909405	0.07864320	0.99948223	0.07864320	1.00145806	0.07864320	0.99949475
0.08519680	0.99999069	0.08519680	0.99932873	0.08519680	1.00064654	0.08519680	0.99878457	0.08519680	1.00118126	0.08519680	0.99966684	0.08519680	1.00011041	0.08519680	1.00245416	0.08519680	0.99903824	0.08519680	0.99863138	0.08519680	1.00433135	0.08519680	1.00416879	0.08519680	1.00002112	0.08519680	0.99991350	0.08519680	0.99803800	0.08519680	0.99948432	0.08519680	1.00136460	0.08519680	1.00006020	0.08519680	1.00138740	0.08519680	1.00160810	0.08519680	1.00051051
0.09175040	1.00406208	0.09175040	0.99922029	0.09175040	0.99924541	0.09175040	0.99875982	0.09175040	1.00151249	0.09175040	0.99797316	0.09175040	0.99829914	0.09175040	1.00280868	0.09175040	1.00120020	0.09175040	0.99704750	0.09175040	1.00321745	0.09175040	1.00069873	0.09175040	0.99866459	0.09175040	1.00036313	0.09175040	0.99945283	0.09175040	1.00010173	0.09175040	1.00095751	0.09175040	0.99912137	0.09175040	1.00135707	0.09175040	1.00034693	0.09175040	1.00022051
0.09830400	1.00069110	0.09830400	1.00089095	0.09830400	0.99885982	0.09830400	0.99678474	0.09830400	1.00205020	0.09830400	1.00033317	0.09830400	0.99913365	0.09830400	1.00024024	0.09830400	0.99808822	0.09830400	0.99890791	0.09830400	1.00069950	0.09830400	1.00063091	0.09830400	1.00218323	0.09830400	0.99844078	0.09830400	0.99918963	0.09830400	1.00090060	0.09830400	1.00098441	0.09830400	0.99769150	0.09830400	1.00022533	0.09830400	0.99940513	0.09830400	0.99981655
0.10485760	1.00176073	0.10485760	1.00196468	0.10485760	1.00263539	0.10485760	0.99861263	0.10485760	1.00108358	0.10485760	0.99938145	0.10485760	1.00057352	0.10485760	1.00166153	0.10485760	0.99941089	0.10485760	0.99949008	0.10485760	1.00067939	0.10485760	0.99955184	0.10485760	0.99927673	0.10485760	0.99938353	0.10485760	1.00108862	0.10485760	1.00129882	0.10485760	1.00098309	0.10485760	1.00083751	0.10485760	1.00106105	0.10485760	0.99961672	0.10485760	1.00051759
0.11796480	1.00011696	0.11796480	0.99952633	0.11796480	0.99848103	0.11796480	0.99936331	0.11796480	1.00027242	0.11796480	1.00193927	0.11796480	0.99960431	0.11796480	1.00176641	0.11796480	1.00062371	0.11796480	1.00085478	0.11796480	1.00017850	0.11796480	0.99982776	0.11796480	1.00054463	0.11796480	0.99991303	0.11796480	0.99855550	0.11796480	1.00160335	0.11796480	0.99801998	0.11796480	1.00168541	0.11796480	1.00146229	0.11796480	0.99907856	0.11796480	1.00017088
0.13107200	1.00224052	0.13107200	1.00163046	0.13107200	1.00239377	0.13107200	0.99948912	0.13107200	1.00065099	0.13107200	0.99964639	0.13107200	0.99836854	0.13107200	1.00168913	0.13107200	1.00038876	0.13107200	1.00204606	0.13107200	0.99965725	0.13107200	0.99920288	0.13107200	1.00229457	0.13107200	1.00003275	0.13107200	0.99942612	0.13107200	1.00092674	0.13107200	0.99959751	0.13107200	1.00242188	0.13107200	1.00089293	0.13107200	1.00094283	0.13107200	1.00069696
0.14417920	1.00041315	0.14417920	0.99957111	0.14417920	1.00195002	0.14417920	1.00111890	0.14417920	0.99928002	0.14417920	1.00189894	0.14417920	1.00077031	0.14417920	0.99935937	0.14417920	0.99910878	0.14417920	1.00112352	0.14417920	0.99999972	0.14417920	1.00256192	0.14417920	1.00203660	0.14417920	1.00041608	0.14417920	0.99972345	0.14417920	1.00012320	0.14417920	0.99952142	0.14417920	1.00071217	0.14417920	0.99920803	0.14417920	0.99897791	0.14417920	1.00039373
0.15728640	0.99972604	0.15728640	1.00069363	0.15728640	0.99771586	0.15728640	0.99819625	0.15728640	0.99934298	0.15728640	1.00034237	0.15728640	0.99937710	0.15728640	1.00124542	0.15728640	1.00012603	0.15728640	1.00141435	0.15728640	1.00053778	0.15728640	1.00357981	0.15728640	1.00067869	0.15728640	1.00000216	0.15728640	1.00014582	0.15728640	0.99861458	0.15728640	0.99940219	0.15728640	1.00028412	0.15728640	0.99955402	0.15728640	1.00046287	0.15728640	1.00007210
0.17039360	1.00084925	0.17039360	1.00060083	0.17039360	1.00005147	0.17039360	0.99965321	0.17039360	0.99853739	0.17039360	1.00111787	0.17039360	1.00073040	0.17039360	1.00120258	0.17039360	1.00119066	0.17039360	1.00088470	0.17039360	1.00171439	0.17039360	1.00144075	0.17039360	1.00012110	0.17039360	1.00028145	0.17039360	1.00039534	0.17039360	1.00159514	0.17039360	0.99977716	0.17039360	1.00094874	0.17039360	0.99944967	0.17039360	0.99839876	0.17039360	1.00044704
0.18350080	1.00250474	0.18350080	0.99927083	0.18350080	0.99925371	0.18350080	0.99932734	0.18350080	0.99972782	0.18350080	0.99805992	0.18350080	0.99897955	0.18350080	1.00091818	0.18350080	1.00021609	0.18350080	0.99992925	0.18350080	1.00060178	0.18350080	0.99951902	0.18350080	0.99989734	0.18350080	1.00104877	0.18350080	0.99966052	0.18350080	1.00194963	0.18350080	0.99920421	0.18350080	0.99957712	0.18350080	1.00113840	0.18350080	1.00004406	0.18350080	1.00004142
0.19660800	1.00168144	0.19660800	0.99869190	0.19660800	0.99919580	0.19660800	0.99960173	0.19660800	0.99951541	0.19660800	0.99740930	0.19660800	0.99933884	0.19660800	1.00218327	0.19660800	0.99798713	0.19660800	0.99837493	0.19660800	1.00020059	0.19660800	1.00045346	0.19660800	0.99949534	0.19660800	1.00046363	0.19660800	0.99923383	0.19660800	1.00009113	0.19660800	0.99870227	0.19660800	0.99799638	0.19660800	0.99852187	0.19660800	0.99932299	0.19660800	0.99942306
0.20971520	0.99977718	0.20971520	0.99997806	0.20971520	1.00143779	0.20971520	1.00132926	0.20971520	1.00067942	0.20971520	0.99906835	0.20971520	1.00148969	0.20971520	1.00150928	0.20971520	1.00083845	0.20971520	0.99853998	0.20971520	1.00041952	0.20971520	0.99949997	0.20971520	1.00045495	0.20971520	1.00029824	0.20971520	0.99954811	0.20971520	1.00049300	0.20971520	0.99950128	0.20971520	0.99854883	0.20971520	0.99951775	0.20971520	1.00070549	0.20971520	1.00018173
0.23592960	1.00177608	0.23592960	1.00084281	0.23592960	0.99889172	0.23592960	1.00005991	0.23592960	0.99935926	0.23592960	0.99937872	0.23592960	0.99834078	0.23592960	0.99989542	0.23592960	1.00078197	0.23592960	1.00016583	0.23592960	0.99979329	0.23592960	1.00063354	0.23592960	0.99992649	0.23592960	0.99886167	0.23592960	1.00047576	0.23592960	1.00094969	0.23592960	0.99929133	0.23592960	1.00014493	0.23592960	1.00061920	0.23592960	1.00097095	0.23592960	1.00005797
0.26214400	0.99851142	0.26214400	1.00195930	0.26214400	0.99943967	0.26214400	1.00057456	0.26214400	0.99795141	0.26214400	1.00029990	0.26214400	0.99994121	0.26214400	0.99940470	0.26214400	1.00106629	0.26214400	0.99997762	0.26214400	1.00007962	0.26214400	0.99965636	0.26214400	1.00014602	0.26214400	1.00063896	0.26214400	0.99915999	0.26214400	0.99993715	0.26214400	1.00038088	0.26214400	1.00054803	0.26214400	0.99915203	0.26214400	1.00014851	0.26214400	0.99994868
0.28835840	1.00251331	0.28835840	1.00053436	0.28835840	1.00153407	0.28835840	1.00023706	0.28835840	1.00117915	0.28835840	0.99843824	0.28835840	0.99966043	0.28835840	1.00005589	0.28835840	0.99957888	0.28835840	1.00173747	0.28835840	1.00030976	0.28835840	1.00158768	0.28835840	1.00051172	0.28835840	1.00003592	0.28835840	1.00005683	0.28835840	1.00017393	0.28835840	0.99957824	0.28835840	1.00023911	0.28835840	1.00138058	0.28835840	1.00041266	0.28835840	1.00048776
0.31457280	1.00064535	0.31457280	1.00113696	0.31457280	0.99976869	0.31457280	1.00052431	0.31457280	1.00067772	0.31457280	0.99990679	0.31457280	1.00014306	0.31457280	1.00067997	0.31457280	1.00030002	0.31457280	1.00076915	0.31457280	0.99941084	0.31457280	0.99998010	0.31457280	0.99867406	0.31457280	0.99992722	0.31457280	1.00057785	0.31457280	1.00173632	0.31457280	1.00093899	0.31457280	0.99932667	0.31457280	0.99954574	0.31457280	1.00158653	0.31457280	1.00031282
0.34078720	0.99953659	0.34078720	1.00069085	0.34078720	1.00055228	0.34078720	0.99923266	0.34078720	0.99946057	0.34078720	0.99861796	0.34078720	0.99865916	0.34078720	1.00026109	0.34078720	1.00099538	0.34078720	0.99962737	0.34078720	0.99992757	0.34078720	0.99796389	0.34078720	0.99982979	0.34078720	0.99788132	0.34078720	1.00048001	0.34078720	1.00034888	0.34078720	0.99962020	0.34078720	0.99862449	0.34078720	1.00042988	0.34078720	0.99986672	0.34078720	0.99963033
0.36700160	0.99999500	0.36700160	1.00160455	0.36700160	0.99938882	0.36700160	0.99955226	0.36700160	1.00069811	0.36700160	0.99880435	0.36700160	0.99968380	0.36700160	1.00151176	0.36700160	1.00040999	0.36700160	0.99981929	0.36700160	1.00027250	0.36700160	0.99975100	0.36700160	1.00021817	0.36700160	0.99925494	0.36700160	0.99897439	0.36700160	1.00138509	0.36700160	1.00010129	0.36700160	1.00092860	0.36700160	0.99985929	0.36700160	0.99957598	0.36700160	1.00008946
0.39321600	1.00041298	0.39321600	1.00107801	0.39321600	0.99868063	0.39321600	0.99971739	0.39321600	1.00121611	0.39321600	1.00093434	0.39321600	0.99911847	0.39321600	1.00144438	0.39321600	1.00129640	0.39321600	0.99966074	0.39321600	0.99970712	0.39321600	0.99970342	0.39321600	1.00010290	0.39321600	1.00007133	0.39321600	1.00176335	0.39321600	0.99966094	0.39321600	1.00024223	0.39321600	0.99957397	0.39321600	1.00042611	0.39321600	1.00061687	0.39321600	1.00027138
0.41943040	0.99973758	0.41943040	0.99998428	0.41943040	1.00117835	0.41943040	0.99956762	0.41943040	1.00216130	0.41943040	0.99981714	0.41943040	0.99954729	0.41943040	1.00185203	0.41943040	1.00050322	0.41943040	1.00161194	0.41943040	1.00042474	0.41943040	0.99647697	0.41943040	1.00046403	0.41943040	0.99934599	0.41943040	1.00101226	0.41943040	1.00008260	0.41943040	0.99966062	0.41943040	1.00034829	0.41943040	0.99990330	0.41943040	1.00108933	0.41943040	1.00023844
0.47185920	1.00084582	0.47185920	0.99983900	0.47185920	1.00012342	0.47185920	1.00015579	0.47185920	1.00085746	0.47185920	0.99979761	0.47185920	1.00041726	0.47185920	1.00093672	0.47185920	0.99980231	0.47185920	1.00034380	0.47185920	0.99942361	0.47185920	0.99961684	0.47185920	0.99929746	0.47185920	1.00021722	0.47185920	1.00004580	0.47185920	0.99980157	0.47185920	0.99966387	0.47185920	0.99982811	0.47185920	0.99973175	0.47185920	1.00096483	0.47185920	1.00008551
0.52428800	0.99953181	0.52428800	1.00028764	0.52428800	1.00020021	0.52428800	1.00054554	0.52428800	0.99990232	0.52428800	1.00015753	0.52428800	1.00088788	0.52428800	1.00134841	0.52428800	0.99948634	0.52428800	0.99989365	0.52428800	1.00007951	0.52428800	0.99900265	0.52428800	1.00005237	0.52428800	0.99945124	0.52428800	0.99959250	0.52428800	1.00005025	0.52428800	0.99970586	0.52428800	1.00064931	0.52428800	0.99986658	0.52428800	1.00023818	0.52428800	1.00004649
0.57671680	1.00055897	0.57671680	1.00088441	0.57671680	0.99927073	0.57671680	0.99947689	0.57671680	1.00108858	0.57671680	0.99953385	0.57671680	0.99999146	0.57671680	0.99949579	0.57671680	0.99924276	0.57671680	0.99991984	0.57671680	1.00040733	0.57671680	0.99986434	0.57671680	0.99910724	0.57671680	0.99916655	0.57671680	0.99877239	0.57671680	1.00017042	0.57671680	0.99994986	0.57671680	1.00036113	0.57671680	0.99988706	0.57671680	1.00017465	0.57671680	0.99986621
0.62914560	1.00040177	0.62914560	0.99931942	0.62914560	0.99934695	0.62914560	0.99929964	0.62914560	0.99968386	0.62914560	0.99940140	0.62914560	0.99973971	0.62914560	1.00064846	0.62914560	1.00089340	0.62914560	0.99958215	0.62914560	1.00046997	0.62914560	1.00052630	0.62914560	1.00091010	0.62914560	0.99910969	0.62914560	0.99987225	0.62914560	1.00008580	0.62914560	1.00048362	0.62914560	1.00110090	0.62914560	1.00069237	0.62914560	0.99989523	0.62914560	1.00007315
0.68157440	0.99974919	0.68157440	1.00076394	0.68157440	0.99955459	0.68157440	1.00047422	0.68157440	0.99974513	0.68157440	0.99992147	0.68157440	1.00104435	0.68157440	1.00057149	0.68157440	1.00074465	0.68157440	1.00019366	0.68157440	0.99899993	0.68157440	0.99972482	0.68157440	1.00023033	0.68157440	1.00009062	0.68157440	0.99999481	0.68157440	1.00004822	0.68157440	1.00010576	0.68157440	0.99966107	0.68157440	1.00020316	0.68157440	1.00073192	0.68157440	1.00012767
0.73400320	0.99982278	0.73400320	1.00075296	0.73400320	0.99927454	0.73400320	1.00011602	0.73400320	1.00028683	0.73400320	1.00031580	0.73400320	1.00043110	0.73400320	1.00101893	0.73400320	0.99995062	0.73400320	1.00009663	0.73400320	1.00016155	0.73400320	0.99991659	0.73400320	0.99876381	0.73400320	0.99898827	0.73400320	0.99881228	0.73400320	0.99981364	0.73400320	0.99976474	0.73400320	0.99954110	0.73400320	1.00000806	0.73400320	1.00090629	0.73400320	0.99993713
0.78643200	0.99915436	0.78643200	0.99920574	0.78643200	0.99944078	0.78643200	1.00026190	0.78643200	1.00052484	0.78643200	1.00132167	0.78643200	1.00134046	0.78643200	1.00028829	0.78643200	1.00009662	0.78643200	0.99904102	0.78643200	0.99858381	0.78643200	1.00039046	0.78643200	0.99957915	0.78643200	0.99913465	0.78643200	1.00008023	0.78643200	0.99990708	0.78643200	0.99999409	0.78643200	0.99958715	0.78643200	0.99993213	0.78643200	1.00023578	0.78643200	0.99990501
0.83886080	1.00026149	0.83886080	0.99975047	0.83886080	0.99975985	0.83886080	1.00105497	0.83886080	1.00119299	0.83886080	0.99996392	0.83886080	1.00147016	0.83886080	1.00096652	0.83886080	0.99919297	0.83886080	1.00038711	0.83886080	1.00042477	0.83886080	1.00078162	0.83886080	1.00082557	0.83886080	0.99938514	0.83886080	1.00094691	0.83886080	1.00018021	0.83886080	1.00033284	0.83886080	0.99953005	0.83886080	0.99979066	0.83886080	1.00030083	0.83886080	1.00032495
0.94371840	0.99989673	0.94371840	0.99931606	0.94371840	1.00075349	0.94371840	0.99928288	0.94371840	1.00009837	0.94371840	1.00019297	0.94371840	0.99932557	0.94371840	0.99966393	0.94371840	0.99967145	0.94371840	1.00031853	0.94371840	0.99934191	0.94371840	0.99908141	0.94371840	1.00007217	0.94371840	1.00048849	0.94371840	0.99899863	0.94371840	0.99900385	0.94371840	0.99932955	0.94371840	0.99964616	0.94371840	1.00066568	0.94371840	1.00091698	0.94371840	0.99980324
1.04857600	0.99950327	1.04857600	1.00001012	1.04857600	0.99958288	1.04857600	0.99972261	1.04857600	1.00008186	1.04857600	0.99822692	1.04857600	1.00022371	1.04857600	1.00080044	1.04857600	1.00040916	1.04857600	1.00036832	1.04857600	0.99973359	1.04857600	0.99871810	1.04857600	1.00085047	1.04857600	1.00054561	1.04857600	0.99982712	1.04857600	0.99942980	1.04857600	1.00021416	1.04857600	0.99942223	1.04857600	0.99907048	1.04857600	0.99994020	1.04857600	0.99983405
1.15343360	0.99941467	1.15343360	1.00101159	1.15343360	1.00003086	1.15343360	1.00013026	1.15343360	0.99990538	1.15343360	0.99918104	1.15343360	1.00029081	1.15343360	1.00052306	1.15343360	0.99969611	1.15343360	1.00012523	1.15343360	1.00033978	1.15343360	0.99938926	1.15343360	0.99952089	1.15343360	1.00007981	1.15343360	1.00042177	1.15343360	0.99889756	1.15343360	1.00140399	1.15343360	1.00013782	1.15343360	0.99999771	1.15343360	1.00005457	1.15343360	1.00002761
1.25829120	0.99921608	1.25829120	0.99913850	1.25829120	0.99979831	1.25829120	0.99970469	1.25829120	0.99972029	1.25829120	1.00082184	1.25829120	0.99985348	1.25829120	0.99969226	1.25829120	0.99973188	1.25829120	0.99967754	1.25829120	1.00020933	1.25829120	0.99857698	1.25829120	0.99979073	1.25829120	0.99985617	1.25829120	0.99999324	1.25829120	0.99998965	1.25829120	1.00024525	1.25829120	1.00043258	1.25829120	1.00023353	1.25829120	1.00052536	1.25829120	0.99986038
1.36314880	0.99908962	1.36314880	0.99972399	1.36314880	0.99975709	1.36314880	0.99927489	1.36314880	0.99941501	1.36314880	0.99923438	1.36314880	1.00020520	1.36314880	0.99901267	1.36314880	1.00053317	1.36314880	0.99989434	1.36314880	1.00015580	1.36314880	1.00092956	1.36314880	0.99949731	1.36314880	0.99996088	1.36314880	0.99926489	1.36314880	0.99966153	1.36314880	0.99986804	1.36314880	0.99978472	1.36314880	0.99976651	1.36314880	1.00010787	1.36314880	0.99975687
1.46800640	0.99913238	1.46800640	0.99997653	1.46800640	1.00068213	1.46800640	0.99992356	1.46800640	0.99965392	1.46800640	0.99903454	1.46800640	1.00006160	1.46800640	0.99991988	1.46800640	0.99959875	1.46800640	0.99992613	1.46800640	1.00094291	1.46800640	0.99995544	1.46800640	0.99874883	1.46800640	0.99983237	1.46800640	0.99998250	1.46800640	0.99984912	1.46800640	1.00032921	1.46800640	0.99966564	1.46800640	0.99989436	1.46800640	1.00060773	1.46800640	0.99988588
1.57286400	0.99838397	1.57286400	0.99919573	1.57286400	1.00013836	1.57286400	1.00000236	1.57286400	0.99934601	1.57286400	0.99922671	1.57286400	0.99973605	1.57286400	1.00017815	1.57286400	1.00034213	1.57286400	0.99992173	1.57286400	1.00011127	1.57286400	0.99986259	1.57286400	0.99928201	1.57286400	1.00027790	1.57286400	1.00016311	1.57286400	0.99993596	1.57286400	0.99985869	1.57286400	0.99999450	1.57286400	1.00026096	1.57286400	1.00024882	1.57286400	0.99982335
1.67772160	0.99916497	1.67772160	0.99952576	1.67772160	0.99997916	1.67772160	0.99967743	1.67772160	0.99969756	1.67772160	1.00085650	1.67772160	0.99986647	1.67772160	0.99939324	1.67772160	0.99969017	1.67772160	0.99991072	1.67772160	1.00108810	1.67772160	0.99988622	1.67772160	1.00050360	1.67772160	0.99948796	1.67772160	1.00073871	1.67772160	1.00042383	1.67772160	1.00056518	1.67772160	1.00003915	1.67772160	0.99946158	1.67772160	0.99955143	1.67772160	0.99997539
1.88743680	1.00011204	1.88743680	0.99998995	1.88743680	1.00007075	1.88743680	0.99986985	1.88743680	1.00014464	1.88743680	1.00042736	1.88743680	1.00000119	1.88743680	0.99870939	1.88743680	1.00014117	1.88743680	0.99878524	1.88743680	1.00083354	1.88743680	0.99935376	1.88743680	1.00006667	1.88743680	0.99992696	1.88743680	1.00022450	1.88743680	1.00036601	1.88743680	0.99971914	1.88743680	0.99926032	1.88743680	0.99986980	1.88743680	0.99959691	1.88743680	0.99987346
2.09715200	0.99963363	2.09715200	1.00029867	2.09715200	0.99936225	2.09715200	1.00013413	2.09715200	1.00074927	2.09715200	1.00023017	2.09715200	1.00019237	2.09715200	1.00011636	2.09715200	1.00015725	2.09715200	1.00053317	2.09715200	0.99973758	2.09715200	1.00011836	2.09715200	1.00036518	2.09715200	0.99998616	2.09715200	0.99951448	2.09715200	0.99998573	2.09715200	0.99965400	2.09715200	0.99968249	2.09715200	1.00015064	2.09715200	0.99968591	2.09715200	1.00001439
2.30686720	1.00031696	2.30686720	1.00007660	2.30686720	1.00001162	2.30686720	0.99993550	2.30686720	0.99971280	2.30686720	1.00039327	2.30686720	0.99993307	2.30686720	0.99937724	2.30686720	1.00014238	2.30686720	0.99961607	2.30686720	1.00007575	2.30686720	1.00170878	2.30686720	0.99935782	2.30686720	0.99979834	2.30686720	1.00004764	2.30686720	1.00013312	2.30686720	1.00011698	2.30686720	0.99942522	2.30686720	1.00014647	2.30686720	0.99903576	2.30686720	0.99996807
2.51658240	0.99937725	2.51658240	1.00018133	2.51658240	1.00068701	2.51658240	0.99988692	2.51658240	1.00037681	2.51658240	1.00089956	2.51658240	0.99995474	2.51658240	0.99931766	2.51658240	1.00023011	2.51658240	0.99970986	2.51658240	0.99999658	2.51658240	1.00164441	2.51658240	1.00047312	2.51658240	1.00015137	2.51658240	0.99908260	2.51658240	0.99959265	2.51658240	1.00010485	2.51658240	0.99988981	2.51658240	0.99918569	2.51658240	0.99897439	2.51658240	0.99998584
2.72629760	1.00034022	2.72629760	0.99942009	2.72629760	1.00021609	2.72629760	1.00037918	2.72629760	1.00013123	2.72629760	0.99978068	2.72629760	1.00026462	2.72629760	1.00022605	2.72629760	1.00012527	2.72629760	1.00033850	2.72629760	0.99927409	2.72629760	0.99949382	2.72629760	0.99998299	2.72629760	1.00014659	2.72629760	1.00041524	2.72629760	1.00033753	2.72629760	0.99976629	2.72629760	1.00075087	2.72629760	1.00070238	2.72629760	0.99927227	2.72629760	1.00006820
2.93601280	1.00027819	2.93601280	0.99948117	2.93601280	1.00010621	2.93601280	0.99968894	2.93601280	1.00077605	2.93601280	0.99954170	2.93601280	1.00033513	2.93601280	0.99885873	2.93601280	1.00009272	2.93601280	0.99919964	2.93601280	0.99956581	2.93601280	0.99977379	2.93601280	0.99913303	2.93601280	1.00007160	2.93601280	1.00018582	2.93601280	1.00001523	2.93601280	1.00082331	2.93601280	1.00035236	2.93601280	1.00086625	2.93601280	0.99926245	2.93601280	0.99992041
3.14572800	1.00051887	3.14572800	0.99946244	3.14572800	0.99982883	3.14572800	0.99983711	3.14572800	0.99969670	3.14572800	0.99970393	3.14572800	0.99992270	3.14572800	0.99972693	3.14572800	1.00020975	3.14572800	1.00042060	3.14572800	0.99954422	3.14572800	1.00066774	3.14572800	1.00070395	3.14572800	0.99972949	3.14572800	1.00063892	3.14572800	1.00015467	3.14572800	0.99910374	3.14572800	0.99971505	3.14572800	0.99993958	3.14572800	0.99876994	3.14572800	0.99991476
3.35544320	1.00093330	3.35544320	1.00000030	3.35544320	1.00008544	3.35544320	0.99950134	3.35544320	1.00023226	3.35544320	0.99900482	3.35544320	0.99948316	3.35544320	0.99967302	3.35544320	1.00054419	3.35544320	0.99914067	3.35544320	0.99962761	3.35544320	0.99834605	3.35544320	0.99933843	3.35544320	0.99991842	3.35544320	1.00044780	3.35544320	0.99959241	3.35544320	1.00022914	3.35544320	1.00014241	3.35544320	0.99980974	3.35544320	0.99912982	3.35544320	0.99975902
 